.begin 1
.H 94 5 95
.H 20 20 54
.H 54 21 94
.V 20 20 28
.V 39 0 16
.V 39 16 20
.V 47 20 28
.V 49 20 28
.V 54 20 21
.V 56 21 28
.V 94 5 28
.end
.begin 2
.H 51 1 52
.H 16 12 51
.H 0 13 16
.V 0 13 28
.V 16 12 13
.V 49 0 12
.V 51 0 1
.end
.begin 3
.H 0 1 46
.H 46 2 47
.H 47 3 51
.H 51 4 52
.H 52 5 57
.H 57 6 61
.H 62 14 63
.H 40 15 43
.H 43 16 54
.H 54 17 61
.H 7 25 62
.V 0 0 1
.V 7 25 28
.V 28 25 28
.V 40 15 28
.V 43 0 1
.V 43 15 16
.V 45 0 1
.V 46 1 2
.V 47 2 3
.V 51 3 4
.V 52 4 5
.V 54 16 17
.V 57 5 6
.V 61 6 25
.V 62 14 28
.end
.begin 4
.H 12 2 13
.H 1 17 12
.V 1 17 28
.V 12 0 2
.end
.begin 5
.H 48 8 49
.H 1 16 13
.H 13 19 48
.V 1 0 16
.V 4 0 8
.V 4 8 16
.V 10 16 28
.V 13 19 28
.V 13 16 19
.V 45 19 28
.V 48 8 28
.end
.begin 6
.H 57 4 58
.H 58 5 74
.H 119 5 121
.H 20 9 25
.H 15 10 25
.H 76 18 89
.H 2 25 4
.H 4 26 54
.H 54 27 120
.V 2 25 28
.V 4 25 26
.V 15 0 10
.V 20 0 9
.V 25 9 26
.V 31 0 26
.V 54 26 27
.V 57 0 4
.V 58 4 5
.V 68 27 28
.V 74 27 28
.V 74 5 27
.V 76 0 18
.V 89 18 27
.V 111 27 28
.V 119 0 5
.V 120 0 28
.V 120 5 27
.end
.begin 7
.H 2 12 16
.H 16 14 17
.V 2 0 12
.V 8 0 12
.V 11 0 8
.V 11 8 12
.V 16 14 28
.end
.begin 8
.H 14 3 16
.H 58 3 59
.H 16 4 17
.H 59 4 63
.H 71 4 77
.H 17 5 22
.H 77 5 79
.H 22 6 29
.H 110 6 113
.H 29 7 30
.H 113 7 114
.H 114 8 124
.H 124 9 129
.H 129 10 130
.H 19 13 20
.H 20 14 21
.H 21 15 27
.H 27 16 30
.H 3 24 68
.H 68 25 107
.H 107 26 125
.V 3 24 28
.V 14 0 3
.V 16 3 4
.V 17 4 5
.V 19 0 13
.V 20 13 14
.V 21 14 15
.V 22 5 6
.V 27 15 16
.V 29 6 7
.V 30 0 16
.V 30 7 24
.V 58 0 3
.V 59 3 4
.V 63 4 28
.V 63 4 24
.V 68 24 25
.V 71 0 4
.V 77 4 5
.V 79 5 28
.V 79 5 25
.V 102 25 28
.V 107 25 26
.V 110 0 6
.V 113 6 7
.V 114 7 8
.V 124 8 9
.V 125 9 28
.V 125 9 26
.V 129 0 10
.end
.begin 9
.H 48 7 51
.H 51 8 107
.H 3 22 4
.H 4 23 106
.H 55 26 106
.V 3 0 22
.V 4 22 23
.V 8 23 28
.V 41 23 28
.V 48 0 7
.V 50 0 7
.V 51 7 8
.V 55 26 28
.V 106 8 26
.end
.begin 10
.H 4 27 28
.V 4 27 28
.V 27 27 28
.end
.begin 11
.H 5 8 7
.H 7 9 10
.H 10 10 12
.H 12 11 39
.H 39 27 40
.V 5 8 28
.V 7 8 9
.V 10 9 10
.V 12 11 28
.V 12 10 11
.V 21 0 11
.V 29 11 28
.V 33 0 28
.V 35 11 28
.V 39 27 28
.end
.begin 12
.H 5 2 9
.H 17 9 18
.H 9 14 10
.H 10 15 17
.V 5 0 2
.V 9 0 14
.V 9 2 14
.V 10 14 15
.V 17 9 28
.end
.begin 13
.H 12 6 13
.H 6 7 12
.H 13 8 14
.V 6 7 28
.V 12 6 7
.V 13 0 8
.end
.begin 14
.H 6 4 14
.H 17 6 19
.H 16 7 17
.H 14 8 16
.H 15 16 18
.V 6 0 4
.V 10 0 4
.V 14 8 28
.V 14 4 8
.V 15 16 28
.V 16 7 8
.V 17 6 7
.V 18 0 15
.V 18 6 16
.end
.begin 15
.H 16 2 17
.H 10 5 16
.H 7 6 10
.V 7 0 6
.V 10 5 6
.V 16 0 2
.end
.begin 16
.H 42 6 43
.H 9 19 11
.H 11 20 19
.H 19 21 42
.V 9 19 28
.V 11 19 20
.V 19 20 21
.V 26 0 28
.V 28 0 21
.V 42 6 28
.end
.begin 17
.H 18 18 19
.H 11 22 18
.V 11 22 28
.V 18 18 28
.end
.begin 18
.H 17 2 27
.H 27 10 28
.V 17 0 2
.V 25 0 2
.V 27 0 10
.end
.begin 19
.H 118 16 122
.H 56 19 67
.H 19 22 107
.H 107 23 117
.H 117 24 121
.V 19 22 28
.V 56 0 19
.V 67 22 28
.V 67 19 22
.V 75 0 28
.V 107 22 23
.V 110 23 28
.V 117 23 24
.V 118 0 16
.V 121 0 28
.V 121 16 24
.end
.begin 20
.H 105 1 165
.H 38 3 41
.H 165 8 166
.H 21 18 49
.H 49 19 55
.H 103 19 107
.H 55 20 103
.V 21 18 28
.V 38 0 3
.V 41 3 18
.V 49 18 19
.V 50 19 28
.V 55 19 20
.V 57 20 28
.V 93 20 28
.V 96 0 20
.V 103 19 20
.V 105 0 1
.V 107 0 19
.V 107 1 19
.V 134 0 1
.V 143 0 1
.V 154 0 1
.V 165 0 8
.end
.begin 21
.H 22 7 24
.V 22 7 28
.V 23 0 7
.end
.begin 22
.H 29 2 44
.H 22 3 29
.H 44 4 45
.V 22 0 3
.V 29 2 3
.V 42 0 2
.V 44 0 4
.end
.begin 23
.H 109 8 110
.H 23 14 45
.H 45 15 55
.H 105 15 109
.H 55 16 64
.H 103 16 105
.H 64 17 103
.V 23 14 28
.V 36 0 14
.V 45 14 15
.V 52 15 28
.V 54 0 15
.V 55 15 16
.V 59 14 28
.V 59 14 16
.V 64 16 17
.V 91 17 28
.V 103 16 17
.V 105 15 16
.V 109 0 8
.end
.begin 24
.H 24 7 25
.H 134 7 164
.H 25 8 29
.H 132 8 134
.H 29 9 38
.H 38 10 52
.H 52 11 57
.H 57 12 59
.H 59 13 64
.H 117 13 132
.H 64 14 117
.V 24 7 28
.V 25 7 8
.V 29 8 9
.V 35 0 9
.V 38 9 10
.V 52 10 11
.V 53 11 28
.V 57 11 12
.V 59 12 13
.V 60 13 28
.V 64 13 14
.V 90 14 28
.V 98 0 14
.V 103 0 14
.V 117 13 14
.V 132 0 8
.V 132 8 13
.V 134 7 8
.V 141 0 7
.V 145 0 7
.V 152 0 7
.V 163 0 7
.end
.begin 25
.H 37 5 38
.H 30 27 37
.V 30 27 28
.V 37 0 5
.end
.begin 26
.H 34 10 35
.H 32 17 34
.V 32 0 28
.V 34 10 28
.end
.begin 27
.H 37 7 38
.H 38 8 43
.H 43 9 85
.H 85 10 86
.V 37 7 28
.V 38 7 8
.V 43 8 9
.V 44 9 28
.V 60 0 9
.V 70 9 28
.V 85 0 10
.end
.begin 28
.H 38 13 47
.H 47 14 57
.H 57 15 67
.V 38 13 28
.V 47 13 14
.V 57 14 15
.V 66 15 28
.end
.begin 29
.H 40 11 51
.H 58 11 59
.H 51 12 55
.H 55 13 58
.V 40 0 11
.V 51 11 12
.V 55 12 13
.V 58 11 28
.end
.begin 30
.H 59 1 72
.H 43 17 50
.H 128 17 129
.H 50 18 68
.H 68 19 78
.H 78 24 112
.H 126 24 128
.H 112 25 126
.V 43 17 28
.V 50 17 18
.V 59 0 1
.V 64 18 28
.V 68 18 19
.V 72 0 19
.V 72 1 19
.V 78 24 28
.V 78 19 24
.V 103 24 28
.V 111 0 24
.V 112 24 25
.V 124 25 28
.V 126 24 25
.V 128 0 17
.end
.begin 31
.H 81 1 103
.H 46 5 47
.H 47 6 52
.H 52 7 102
.H 80 19 102
.V 46 5 28
.V 47 5 6
.V 52 6 7
.V 66 0 7
.V 70 0 7
.V 80 19 28
.V 81 0 1
.V 83 0 1
.V 88 7 28
.V 90 0 1
.V 102 1 19
.end
.begin 32
.H 53 10 54
.H 51 13 53
.V 51 13 28
.V 53 0 10
.end
.begin 33
.H 82 4 83
.H 55 10 82
.V 55 0 10
.V 80 0 15
.V 80 10 15
.V 82 0 4
.end
.begin 34
.H 61 2 76
.H 76 24 77
.V 61 0 2
.V 76 24 28
.end
.begin 35
.H 86 6 87
.H 62 11 86
.V 62 0 11
.V 68 0 11
.V 71 16 28
.V 71 11 16
.V 86 0 6
.end
.begin 36
.H 63 3 87
.H 87 6 88
.V 63 0 3
.V 84 3 28
.V 87 0 6
.end
.begin 37
.H 64 12 74
.V 64 0 12
.V 73 0 12
.end
.begin 38
.H 69 4 70
.H 67 15 69
.H 65 16 67
.V 65 16 28
.V 67 15 16
.V 69 0 4
.end
.begin 39
.H 65 6 82
.H 82 15 101
.H 101 16 102
.V 65 0 6
.V 67 0 6
.V 82 15 28
.V 82 6 15
.V 91 0 15
.V 98 15 28
.V 100 15 28
.V 101 0 16
.end
.begin 40
.H 69 15 78
.H 78 16 97
.H 99 16 100
.H 97 21 99
.V 69 15 28
.V 78 15 16
.V 97 21 28
.V 97 16 21
.V 99 16 28
.end
.begin 41
.H 74 1 75
.H 72 24 74
.V 72 24 28
.V 74 0 1
.end
.begin 42
.H 73 13 116
.H 116 24 117
.V 73 13 28
.V 114 13 28
.V 116 24 28
.end
.begin 43
.H 77 12 81
.H 81 15 82
.V 77 12 28
.V 81 15 28
.end
.begin 44
.H 77 2 90
.H 90 3 148
.H 148 12 149
.V 77 0 2
.V 90 2 3
.V 146 3 28
.V 148 12 28
.end
.begin 45
.H 78 4 81
.H 92 4 93
.H 81 5 88
.H 88 6 92
.V 78 0 4
.V 81 4 5
.V 88 5 6
.V 92 4 28
.end
.begin 46
.H 92 2 99
.H 83 4 90
.H 85 12 136
.H 136 13 137
.H 137 14 140
.H 140 15 142
.H 142 16 143
.H 143 17 144
.H 144 18 147
.H 147 19 148
.V 83 4 28
.V 85 12 28
.V 90 4 12
.V 92 0 2
.V 99 2 12
.V 136 12 13
.V 137 13 14
.V 140 14 15
.V 142 15 16
.V 143 16 17
.V 144 17 18
.V 145 18 28
.V 147 0 28
.end
.begin 47
.H 115 7 116
.H 86 9 87
.H 87 10 89
.H 89 11 113
.H 113 20 115
.V 86 9 28
.V 87 9 10
.V 89 10 11
.V 93 0 11
.V 100 0 11
.V 113 20 28
.V 113 11 20
.V 115 7 28
.end
.begin 48
.H 88 3 89
.H 87 11 88
.V 87 11 28
.V 88 0 3
.end
.begin 49
.H 89 9 95
.H 95 10 114
.H 114 11 122
.H 122 27 123
.V 89 0 9
.V 95 9 10
.V 109 10 28
.V 114 10 11
.V 117 0 11
.V 122 0 28
.end
.begin 50
.H 94 4 104
.H 104 21 110
.H 110 22 127
.H 127 23 128
.V 94 0 4
.V 104 21 28
.V 104 4 21
.V 110 21 22
.V 112 0 22
.V 123 22 28
.V 127 0 23
.end
.begin 51
.H 104 1 105
.H 95 18 104
.V 95 18 28
.V 104 0 1
.end
.begin 52
.H 151 3 166
.H 105 4 151
.H 95 5 105
.H 166 7 167
.V 95 0 5
.V 105 4 5
.V 106 0 4
.V 108 0 7
.V 108 4 7
.V 135 0 18
.V 135 4 18
.V 142 0 4
.V 151 3 4
.V 155 0 8
.V 155 3 8
.V 166 0 7
.end
.begin 53
.H 97 9 118
.H 118 20 119
.V 97 0 9
.V 118 20 28
.end
.begin 54
.H 160 14 163
.H 163 15 165
.H 165 16 168
.H 105 18 110
.H 110 19 116
.H 116 20 117
.H 117 21 129
.H 129 24 156
.H 156 25 167
.V 105 18 28
.V 110 18 19
.V 116 19 20
.V 117 20 21
.V 129 24 28
.V 129 21 24
.V 131 24 28
.V 156 24 25
.V 160 0 14
.V 163 14 15
.V 165 15 16
.V 167 25 28
.V 167 16 25
.end
.begin 55
.H 140 8 141
.H 108 17 116
.H 116 18 117
.H 117 19 123
.H 123 20 131
.H 131 21 135
.H 135 22 136
.H 136 23 164
.H 164 24 171
.V 108 17 28
.V 116 17 18
.V 117 18 19
.V 123 19 20
.V 130 0 28
.V 131 20 21
.V 134 21 28
.V 135 21 22
.V 136 22 23
.V 140 0 8
.V 141 8 23
.V 152 23 28
.V 154 23 28
.V 164 23 24
.V 170 24 28
.end
.begin 56
.H 113 2 132
.H 132 18 133
.V 113 0 2
.V 132 18 28
.end
.begin 57
.H 116 16 117
.H 117 17 118
.H 118 18 124
.H 124 19 134
.H 165 19 166
.H 134 20 136
.H 136 21 165
.V 116 0 16
.V 117 16 17
.V 118 17 18
.V 124 18 19
.V 134 19 20
.V 136 20 21
.V 165 19 28
.end
.begin 58
.H 119 7 125
.H 125 8 131
.H 131 9 134
.H 134 10 140
.H 140 11 142
.H 155 11 156
.H 142 12 143
.H 143 13 144
.H 144 14 145
.H 145 15 152
.H 152 16 153
.H 153 19 155
.V 119 7 28
.V 125 7 8
.V 131 8 9
.V 134 9 10
.V 140 10 11
.V 142 11 12
.V 143 12 13
.V 144 13 14
.V 145 14 15
.V 152 15 16
.V 153 19 28
.V 153 16 19
.V 155 11 28
.end
.begin 59
.H 123 14 124
.H 124 15 126
.H 126 16 128
.H 128 18 129
.V 123 0 14
.V 124 14 15
.V 126 15 16
.V 128 18 28
.end
.begin 60
.H 158 15 159
.H 126 27 158
.V 126 27 28
.V 142 27 28
.V 158 0 15
.end
.begin 61
.H 171 1 172
.H 126 5 131
.H 131 6 167
.H 167 7 168
.H 168 8 169
.H 169 9 170
.H 170 10 171
.V 126 0 5
.V 131 5 6
.V 167 6 7
.V 168 7 8
.V 169 8 9
.V 170 9 10
.V 171 1 28
.end
.begin 62
.H 148 11 151
.H 166 14 167
.H 127 26 164
.H 164 27 166
.V 127 26 28
.V 148 0 11
.V 151 11 26
.V 159 0 26
.V 164 26 27
.V 166 14 28
.end
.begin 63
.H 172 9 173
.H 133 13 134
.H 134 14 136
.H 136 15 137
.H 137 16 140
.H 140 17 142
.H 142 18 143
.H 143 19 144
.H 144 20 170
.H 170 21 172
.V 133 13 28
.V 134 13 14
.V 136 14 15
.V 137 15 16
.V 139 0 9
.V 139 9 16
.V 140 16 17
.V 142 17 18
.V 143 18 19
.V 144 19 20
.V 149 0 20
.V 161 0 28
.V 163 18 28
.V 163 18 20
.V 170 20 21
.V 172 9 28
.end
.begin 64
.H 133 11 137
.H 137 12 140
.H 140 13 142
.H 142 14 143
.H 143 15 144
.H 144 16 145
.H 145 17 152
.H 157 17 158
.H 152 18 156
.H 156 19 157
.V 133 0 11
.V 137 11 12
.V 140 12 13
.V 142 13 14
.V 143 14 15
.V 144 15 16
.V 145 16 17
.V 152 17 18
.V 156 18 19
.V 157 17 28
.end
.begin 65
.H 153 9 154
.H 135 25 153
.V 135 25 28
.V 153 0 9
.end
.begin 66
.H 137 17 139
.H 139 18 140
.V 137 17 28
.V 139 18 28
.end
.begin 67
.H 137 2 168
.H 168 3 169
.H 169 12 170
.V 137 0 2
.V 167 0 2
.V 168 2 3
.V 169 12 28
.end
.begin 68
.H 150 5 154
.H 173 7 174
.H 138 22 170
.H 170 23 173
.V 138 0 28
.V 140 18 28
.V 140 18 22
.V 143 22 28
.V 150 0 5
.V 154 5 22
.V 170 22 23
.V 173 7 28
.end
.begin 69
.H 150 9 151
.H 144 12 145
.H 145 13 150
.V 144 0 12
.V 145 12 13
.V 150 9 28
.end
.begin 70
.H 168 10 169
.H 157 16 158
.H 158 17 164
.H 164 18 168
.V 157 0 16
.V 158 16 17
.V 164 17 18
.V 168 10 28
.end
.begin 71
.H 164 16 165
.H 158 24 164
.V 158 24 28
.V 164 0 16
.end
.begin 72
.H 162 12 163
.H 160 16 162
.V 160 16 28
.V 162 12 28
.end
