.begin 1
.H 128 55 198
.H 74 56 128
.H 14 57 74
.V 14 57 58
.V 74 56 57
.V 128 55 56
.V 197 0 55
.end
.begin 2
.H 4 8 7
.H 7 9 29
.H 29 10 97
.H 97 11 131
.H 131 12 214
.H 214 22 215
.V 4 0 8
.V 7 8 9
.V 29 9 10
.V 97 10 11
.V 131 11 12
.V 214 22 58
.end
.begin 3
.H 214 12 215
.H 162 15 170
.H 25 17 32
.H 32 18 37
.H 37 19 53
.H 53 20 69
.H 184 25 214
.H 68 38 158
.H 158 39 160
.H 160 40 173
.H 173 41 181
.H 181 42 184
.V 25 17 58
.V 32 17 18
.V 37 18 19
.V 51 0 19
.V 52 0 19
.V 53 19 20
.V 68 38 58
.V 69 20 38
.V 79 22 58
.V 79 22 38
.V 82 0 38
.V 158 38 39
.V 160 39 40
.V 162 0 15
.V 170 15 40
.V 173 40 41
.V 181 41 42
.V 184 25 58
.V 184 25 42
.V 202 0 25
.V 214 0 12
.end
.begin 4
.H 57 23 134
.H 134 24 135
.H 135 25 177
.H 177 26 194
.H 194 27 243
.H 243 34 244
.V 57 0 23
.V 134 23 24
.V 135 24 25
.V 177 25 26
.V 194 26 27
.V 243 34 58
.end
.begin 5
.H 249 5 250
.H 17 54 249
.H 14 55 17
.H 13 56 14
.H 8 57 13
.V 8 57 58
.V 13 56 57
.V 14 55 56
.V 17 54 55
.V 249 0 5
.end
.begin 6
.H 50 21 51
.H 15 22 16
.H 51 22 52
.H 16 23 23
.H 252 23 253
.H 23 24 24
.H 24 25 31
.H 31 38 37
.H 37 39 42
.H 42 40 82
.H 82 41 115
.H 115 42 121
.H 121 43 196
.H 196 44 211
.H 211 45 252
.V 15 0 22
.V 16 22 23
.V 23 23 24
.V 24 24 25
.V 31 0 38
.V 31 25 38
.V 37 38 39
.V 42 39 40
.V 47 0 40
.V 50 0 21
.V 51 21 22
.V 52 22 40
.V 82 40 41
.V 115 41 42
.V 121 42 43
.V 152 0 43
.V 173 43 58
.V 179 0 43
.V 196 43 44
.V 211 44 45
.V 252 23 58
.end
.begin 7
.H 145 1 222
.H 146 4 222
.H 226 14 237
.H 141 17 148
.H 148 18 149
.H 149 19 153
.H 153 20 222
.H 58 28 93
.H 93 29 134
.H 134 30 226
.H 237 42 238
.V 58 28 58
.V 64 0 28
.V 72 0 26
.V 72 26 28
.V 84 0 22
.V 84 22 28
.V 93 28 29
.V 105 0 29
.V 110 0 29
.V 134 29 30
.V 141 0 17
.V 145 0 1
.V 146 0 4
.V 148 17 18
.V 149 18 19
.V 153 19 20
.V 163 0 1
.V 186 30 58
.V 222 0 1
.V 222 1 30
.V 226 14 58
.V 226 14 30
.V 237 0 42
.end
.begin 8
.H 24 6 41
.H 41 7 43
.H 43 8 45
.H 44 43 83
.H 83 44 88
.H 88 45 205
.V 24 0 6
.V 41 6 7
.V 43 7 8
.V 44 43 58
.V 45 8 43
.V 83 43 44
.V 88 44 45
.V 199 45 58
.V 204 45 58
.end
.begin 9
.H 230 42 231
.H 181 47 230
.H 140 48 181
.H 38 49 140
.H 21 50 38
.V 21 50 58
.V 38 49 50
.V 140 48 49
.V 181 47 48
.V 230 0 42
.end
.begin 10
.H 254 32 255
.H 44 33 64
.H 64 34 242
.H 242 35 254
.V 44 0 33
.V 53 23 58
.V 53 23 33
.V 64 33 34
.V 232 15 58
.V 232 15 34
.V 240 0 34
.V 242 34 35
.V 254 32 58
.end
.begin 11
.H 117 32 194
.H 194 37 195
.V 117 0 32
.V 194 37 58
.end
.begin 12
.H 30 3 83
.H 83 19 84
.V 30 3 58
.V 83 0 19
.end
.begin 13
.H 73 20 76
.H 58 21 73
.H 70 50 74
.H 20 51 70
.V 20 51 58
.V 33 0 51
.V 49 51 58
.V 52 51 58
.V 54 0 58
.V 58 0 21
.V 69 51 58
.V 70 50 51
.V 73 20 21
.V 74 20 50
.V 75 0 20
.end
.begin 14
.H 65 14 66
.H 10 15 16
.H 16 16 23
.H 23 17 24
.H 24 18 29
.H 29 19 32
.H 32 20 52
.H 52 21 53
.H 53 22 65
.V 10 0 15
.V 16 15 16
.V 23 16 17
.V 24 17 18
.V 29 18 19
.V 32 19 20
.V 52 20 21
.V 53 21 22
.V 65 14 58
.end
.begin 15
.H 190 7 251
.H 219 36 250
.H 196 53 250
.H 211 55 250
.V 190 0 7
.V 196 53 58
.V 208 0 7
.V 211 55 58
.V 212 55 58
.V 218 55 58
.V 219 36 58
.V 250 7 55
.end
.begin 16
.H 61 6 131
.H 97 12 130
.H 9 47 13
.H 13 48 14
.H 14 52 17
.H 17 53 130
.V 9 47 58
.V 11 46 58
.V 11 46 47
.V 13 47 48
.V 14 0 52
.V 14 48 52
.V 17 52 53
.V 57 47 58
.V 57 47 53
.V 61 0 6
.V 70 53 58
.V 97 12 58
.V 108 0 6
.V 130 6 53
.end
.begin 17
.H 133 6 134
.H 113 30 133
.H 57 31 113
.H 40 32 57
.V 40 32 58
.V 57 31 32
.V 113 30 31
.V 133 0 6
.end
.begin 18
.H 2 2 3
.H 3 57 4
.V 2 0 2
.V 3 0 58
.end
.begin 19
.H 187 11 217
.H 217 12 252
.H 233 43 251
.V 187 0 11
.V 217 11 12
.V 223 0 12
.V 233 43 58
.V 251 12 58
.V 251 12 43
.end
.begin 20
.H 174 24 175
.H 130 57 174
.V 130 57 58
.V 174 0 24
.end
.begin 21
.H 104 1 107
.H 123 8 133
.H 107 27 118
.H 134 37 135
.H 117 40 121
.H 121 41 134
.V 104 0 1
.V 107 0 27
.V 107 1 27
.V 111 27 58
.V 112 27 58
.V 114 0 27
.V 117 40 58
.V 118 27 40
.V 121 40 41
.V 122 0 8
.V 122 8 41
.V 123 0 8
.V 129 0 8
.V 133 7 58
.V 133 7 41
.V 134 37 58
.end
.begin 22
.H 181 40 182
.H 182 41 233
.H 233 42 236
.H 236 48 237
.V 181 0 40
.V 182 40 41
.V 233 41 42
.V 236 48 58
.end
.begin 23
.H 19 6 20
.H 12 29 15
.H 15 30 19
.V 12 0 29
.V 15 29 30
.V 19 6 58
.end
.begin 24
.H 8 16 10
.H 10 17 16
.H 16 18 23
.H 23 19 24
.H 24 20 29
.H 29 21 32
.H 32 22 34
.H 34 23 39
.H 39 24 60
.H 60 47 61
.V 8 0 16
.V 10 16 17
.V 16 17 18
.V 23 18 19
.V 24 19 20
.V 29 20 21
.V 32 21 22
.V 34 22 23
.V 39 23 24
.V 60 47 58
.end
.begin 25
.H 137 7 145
.H 145 8 184
.H 184 9 193
.H 193 10 228
.H 228 25 229
.V 137 0 7
.V 145 7 8
.V 184 8 9
.V 193 9 10
.V 228 25 58
.end
.begin 26
.H 238 38 239
.H 237 49 238
.H 182 50 237
.V 182 50 58
.V 237 49 50
.V 238 0 38
.end
.begin 27
.H 171 5 225
.H 210 17 224
.H 187 24 216
.H 216 25 224
.H 183 48 224
.V 171 0 5
.V 176 0 58
.V 183 48 58
.V 187 24 58
.V 205 0 5
.V 210 0 17
.V 216 24 25
.V 217 48 58
.V 224 5 48
.end
.begin 28
.H 96 4 104
.H 141 19 142
.H 93 26 120
.H 120 27 141
.V 93 0 26
.V 96 0 4
.V 104 4 26
.V 118 0 26
.V 120 26 27
.V 132 0 27
.V 139 27 58
.V 141 19 58
.end
.begin 29
.H 150 11 157
.H 102 20 111
.H 111 21 128
.H 153 40 157
.H 124 42 169
.H 169 50 170
.V 102 0 20
.V 109 20 58
.V 111 20 21
.V 116 0 21
.V 124 42 58
.V 128 21 42
.V 150 0 11
.V 153 40 58
.V 157 11 42
.V 160 42 58
.V 165 0 17
.V 165 17 42
.V 169 50 58
.end
.begin 30
.H 145 15 149
.V 145 15 58
.V 148 0 15
.end
.begin 31
.H 30 2 104
.H 104 3 256
.H 75 33 255
.H 90 52 255
.V 30 0 2
.V 75 33 58
.V 90 52 58
.V 104 2 3
.V 112 0 3
.V 118 52 58
.V 255 3 52
.end
.begin 32
.H 119 1 120
.H 41 13 43
.H 43 14 56
.H 56 15 69
.H 69 16 77
.H 77 17 119
.H 86 36 92
.H 84 37 86
.H 86 40 92
.V 41 13 58
.V 43 13 14
.V 48 14 58
.V 56 14 15
.V 69 15 16
.V 74 0 16
.V 77 16 17
.V 84 37 58
.V 86 40 58
.V 86 36 37
.V 92 17 40
.V 119 0 1
.end
.begin 33
.H 193 8 194
.H 194 23 198
.H 198 32 201
.H 201 40 206
.H 206 55 207
.V 193 0 8
.V 194 0 23
.V 194 8 23
.V 195 0 23
.V 196 0 8
.V 196 8 23
.V 198 0 32
.V 198 23 32
.V 199 0 32
.V 200 0 58
.V 201 40 58
.V 201 32 40
.V 202 40 58
.V 206 55 58
.end
.begin 34
.H 149 7 169
.H 92 14 98
.H 161 14 168
.H 77 18 99
.H 99 19 112
.H 112 20 134
.H 134 21 136
.H 136 22 148
.H 148 37 160
.H 160 38 168
.V 77 18 58
.V 81 0 58
.V 88 0 18
.V 92 0 14
.V 98 14 18
.V 99 18 19
.V 112 19 20
.V 120 0 20
.V 121 0 20
.V 134 20 21
.V 135 0 21
.V 136 21 22
.V 138 0 21
.V 138 21 22
.V 148 37 58
.V 148 22 37
.V 149 0 7
.V 160 37 38
.V 161 0 14
.V 168 0 58
.V 168 7 38
.end
.begin 35
.H 53 16 56
.H 68 26 71
.H 37 42 70
.V 37 42 58
.V 46 0 58
.V 47 42 58
.V 49 0 42
.V 53 0 16
.V 56 42 58
.V 56 16 42
.V 63 0 37
.V 63 37 42
.V 64 42 58
.V 66 42 58
.V 68 0 26
.V 70 0 26
.V 70 26 42
.end
.begin 36
.H 243 4 244
.H 231 23 243
.H 229 24 231
.V 229 24 58
.V 231 23 24
.V 243 0 4
.end
.begin 37
.H 136 6 137
.H 122 51 136
.V 122 51 58
.V 136 0 6
.end
.begin 38
.H 106 8 108
.H 108 9 183
.H 183 23 184
.H 63 46 69
.H 69 47 180
.V 63 46 58
.V 69 46 47
.V 82 47 58
.V 83 47 58
.V 106 0 8
.V 108 8 9
.V 132 47 58
.V 152 47 58
.V 179 47 58
.V 180 9 47
.V 183 0 23
.end
.begin 39
.H 1 34 5
.H 5 35 80
.H 80 52 81
.V 1 0 34
.V 5 34 35
.V 80 52 58
.end
.begin 40
.H 233 15 234
.H 210 29 233
.V 210 29 58
.V 233 0 15
.end
.begin 41
.H 248 5 249
.H 247 14 248
.H 245 15 247
.H 243 16 245
.H 234 17 243
.H 172 19 234
.V 172 19 58
.V 175 0 58
.V 189 0 19
.V 218 0 19
.V 234 0 17
.V 234 17 19
.V 243 16 17
.V 245 15 16
.V 247 14 15
.V 248 0 5
.end
.begin 42
.H 155 15 156
.H 76 39 155
.V 76 39 58
.V 155 0 15
.end
.begin 43
.H 19 1 20
.H 25 10 26
.H 20 27 24
.H 24 38 31
.H 31 40 32
.V 19 0 1
.V 20 0 27
.V 20 1 27
.V 22 0 27
.V 23 27 58
.V 24 38 58
.V 24 27 38
.V 25 0 10
.V 26 0 24
.V 26 10 38
.V 27 0 38
.V 28 0 38
.V 29 26 58
.V 29 26 38
.V 31 40 58
.end
.begin 44
.H 144 28 145
.H 143 37 144
.V 143 37 58
.V 144 0 28
.end
.begin 45
.H 16 10 24
.H 24 11 25
.H 25 12 29
.H 79 12 80
.H 29 13 32
.H 32 14 36
.H 42 41 79
.H 12 46 42
.V 12 46 58
.V 13 0 46
.V 16 0 10
.V 22 46 58
.V 24 10 11
.V 25 11 12
.V 28 46 58
.V 29 12 13
.V 32 13 14
.V 36 0 14
.V 36 14 46
.V 38 0 46
.V 42 41 58
.V 42 41 46
.V 66 0 41
.V 67 0 47
.V 67 41 47
.V 79 0 12
.end
.begin 46
.H 247 1 248
.H 243 29 247
.H 242 30 243
.H 188 31 242
.V 188 31 58
.V 242 30 31
.V 243 29 30
.V 247 0 1
.end
.begin 47
.H 130 4 131
.H 73 24 130
.H 51 25 73
.H 39 26 51
.V 39 26 58
.V 51 25 26
.V 73 24 25
.V 130 0 4
.end
.begin 48
.H 125 28 136
.H 136 29 167
.H 167 50 168
.V 125 28 58
.V 126 28 58
.V 127 26 58
.V 127 26 28
.V 135 28 58
.V 136 28 29
.V 137 21 58
.V 137 21 29
.V 140 0 17
.V 140 17 29
.V 143 0 28
.V 143 28 29
.V 149 22 58
.V 149 22 29
.V 160 0 29
.V 164 0 58
.V 167 50 58
.end
.begin 49
.H 43 25 44
.H 5 30 7
.H 7 31 43
.V 5 0 30
.V 7 30 31
.V 43 25 58
.end
.begin 50
.H 5 43 6
.H 6 51 7
.V 5 43 58
.V 6 0 51
.end
.begin 51
.H 227 1 228
.H 223 20 227
.H 158 21 223
.H 153 22 158
.H 138 23 153
.V 138 23 58
.V 153 22 23
.V 158 21 22
.V 223 20 21
.V 227 0 1
.end
.begin 52
.H 188 15 213
.H 213 16 234
.H 221 39 233
.V 188 0 15
.V 192 0 8
.V 192 8 15
.V 193 14 58
.V 193 14 15
.V 205 15 58
.V 206 0 15
.V 208 15 58
.V 212 0 15
.V 213 15 16
.V 216 0 16
.V 221 39 58
.V 222 39 58
.V 233 16 39
.end
.begin 53
.H 41 4 43
.H 43 5 45
.H 45 6 48
.H 48 7 56
.H 96 7 97
.H 56 8 96
.V 41 0 4
.V 43 4 5
.V 45 5 6
.V 48 6 7
.V 56 7 8
.V 69 0 8
.V 96 7 58
.end
.begin 54
.H 61 7 62
.H 18 14 24
.H 24 15 25
.H 25 16 37
.H 37 17 43
.H 43 18 59
.H 11 40 12
.H 12 41 15
.H 15 42 20
.H 20 43 21
.H 21 44 22
.H 22 45 59
.H 17 56 61
.V 11 0 40
.V 12 40 41
.V 15 41 42
.V 17 56 58
.V 18 0 14
.V 20 42 43
.V 21 43 44
.V 22 44 45
.V 23 0 14
.V 24 14 15
.V 25 15 16
.V 37 16 17
.V 38 56 58
.V 43 17 18
.V 45 56 58
.V 59 0 58
.V 59 18 56
.V 61 7 58
.end
.begin 55
.H 136 41 137
.H 17 48 136
.V 17 0 48
.V 36 48 58
.V 136 41 58
.end
.begin 56
.H 153 16 155
.H 155 17 161
.H 161 18 241
.H 241 50 242
.V 153 0 16
.V 155 16 17
.V 161 17 18
.V 241 50 58
.end
.begin 57
.H 226 5 227
.H 203 42 218
.H 218 43 226
.V 203 42 58
.V 204 0 23
.V 204 23 42
.V 209 36 58
.V 209 36 42
.V 213 22 58
.V 213 22 42
.V 215 0 58
.V 216 42 58
.V 218 42 43
.V 220 42 58
.V 220 42 43
.V 225 0 58
.V 226 0 5
.end
.begin 58
.H 224 4 225
.H 203 8 224
.H 106 21 108
.H 108 22 135
.H 177 22 203
.H 135 23 136
.H 158 23 177
.H 136 24 158
.H 147 49 154
.V 106 21 58
.V 108 21 22
.V 135 22 23
.V 136 23 24
.V 147 49 58
.V 154 24 49
.V 158 23 24
.V 173 0 23
.V 177 22 23
.V 203 0 8
.V 203 8 22
.V 224 0 4
.end
.begin 59
.H 103 37 104
.H 89 44 103
.V 89 44 58
.V 103 0 37
.end
.begin 60
.H 2 4 19
.H 19 5 35
.H 39 21 43
.H 43 22 50
.H 10 33 22
.H 22 34 62
.H 73 37 74
.H 62 38 64
.H 64 39 73
.V 2 4 58
.V 10 33 58
.V 19 4 5
.V 22 33 34
.V 35 0 5
.V 35 5 34
.V 39 0 21
.V 43 21 22
.V 50 27 58
.V 50 22 34
.V 62 38 58
.V 62 34 38
.V 64 38 39
.V 71 0 58
.V 73 37 58
.end
.begin 61
.H 9 32 32
.H 34 32 35
.H 32 33 34
.V 9 0 32
.V 18 17 58
.V 18 17 32
.V 32 32 33
.V 34 32 58
.end
.begin 62
.H 97 9 98
.H 98 10 191
.H 104 36 190
.H 103 44 190
.V 97 0 9
.V 98 9 10
.V 103 44 58
.V 104 36 58
.V 190 10 44
.end
.begin 63
.H 73 19 79
.H 79 20 83
.H 86 25 87
.H 115 25 116
.H 87 26 88
.H 72 42 115
.V 72 42 58
.V 73 0 19
.V 78 42 58
.V 79 19 20
.V 83 20 42
.V 85 14 58
.V 85 14 42
.V 86 0 25
.V 87 25 26
.V 88 26 42
.V 94 0 42
.V 98 19 58
.V 98 19 42
.V 101 42 58
.V 105 42 58
.V 110 42 58
.V 115 0 25
.end
.begin 64
.H 29 7 30
.H 5 36 29
.H 0 37 5
.V 0 37 58
.V 5 36 37
.V 29 0 7
.end
.begin 65
.H 213 9 257
.H 131 14 136
.H 136 15 137
.H 137 16 149
.H 149 17 150
.H 158 19 167
.H 150 41 169
.H 169 42 178
.H 178 50 180
.H 180 51 256
.V 131 14 58
.V 136 14 15
.V 137 15 16
.V 139 0 16
.V 149 16 17
.V 150 41 58
.V 150 17 41
.V 158 0 19
.V 167 19 41
.V 169 41 42
.V 171 14 58
.V 171 14 42
.V 178 0 50
.V 178 42 50
.V 180 50 51
.V 207 0 58
.V 213 0 9
.V 217 0 9
.V 256 9 51
.end
.begin 66
.H 199 39 212
.H 191 40 199
.V 191 40 58
.V 199 39 40
.V 211 0 39
.end
.begin 67
.H 167 17 206
.H 231 25 232
.H 147 27 153
.H 153 28 169
.H 169 29 206
.H 181 49 231
.V 147 0 27
.V 153 27 28
.V 167 0 17
.V 169 28 29
.V 181 49 58
.V 206 17 49
.V 224 49 58
.V 231 25 58
.end
.begin 68
.H 229 22 230
.H 174 37 183
.H 183 38 189
.H 196 38 229
.H 189 39 196
.V 174 37 58
.V 183 37 38
.V 189 38 39
.V 195 39 58
.V 196 38 39
.V 229 0 22
.end
.begin 69
.H 98 5 100
.H 113 14 120
.H 89 43 119
.V 89 0 43
.V 93 43 58
.V 94 43 58
.V 98 0 5
.V 100 0 5
.V 100 5 43
.V 113 0 14
.V 114 43 58
.V 116 43 58
.V 119 18 58
.V 119 14 43
.end
.begin 70
.H 90 37 92
.H 92 57 93
.V 90 0 37
.V 91 37 58
.V 92 57 58
.end
.begin 71
.H 220 11 234
.H 234 22 235
.V 220 0 11
.V 234 22 58
.end
.begin 72
.H 219 15 230
.H 230 48 231
.V 219 0 15
.V 230 48 58
.end
.begin 73
.H 127 4 128
.H 107 37 127
.V 107 37 58
.V 108 37 58
.V 120 37 58
.V 123 37 58
.V 127 0 4
.end
.begin 74
.H 146 6 182
.H 182 38 183
.V 146 6 58
.V 151 0 58
.V 170 0 6
.V 177 0 6
.V 180 0 6
.V 182 0 38
.end
.begin 75
.H 40 28 57
.H 57 29 87
.H 87 32 102
.H 95 57 129
.V 40 0 28
.V 51 28 58
.V 57 28 29
.V 87 32 58
.V 87 29 32
.V 91 0 32
.V 95 57 58
.V 101 0 32
.V 102 28 58
.V 102 28 57
.V 121 57 58
.V 128 57 58
.end
.begin 76
.H 37 8 38
.H 17 49 37
.H 13 50 17
.H 8 51 13
.H 6 52 8
.V 6 52 58
.V 8 51 52
.V 13 50 51
.V 17 49 50
.V 37 0 8
.end
.begin 77
.H 87 19 88
.H 88 20 99
.H 42 30 113
.H 113 40 114
.V 42 0 30
.V 78 0 30
.V 87 0 19
.V 88 19 20
.V 99 30 58
.V 99 20 30
.V 113 40 58
.end
.begin 78
.H 43 1 62
.H 34 21 37
.H 62 24 63
.H 32 36 55
.V 32 36 58
.V 34 0 21
.V 35 36 58
.V 37 21 36
.V 43 0 1
.V 45 0 1
.V 48 0 1
.V 55 0 58
.V 55 1 36
.V 56 0 1
.V 60 0 26
.V 60 1 26
.V 62 0 24
.end
.begin 79
.H 76 27 104
.H 104 28 124
.H 124 31 185
.H 154 53 191
.V 76 0 27
.V 104 27 28
.V 124 0 31
.V 124 28 31
.V 154 53 58
.V 185 31 53
.V 190 53 58
.end
.begin 80
.H 184 6 258
.H 244 20 257
.H 198 37 240
.H 240 38 257
.V 184 0 6
.V 198 37 58
.V 223 37 58
.V 240 37 38
.V 244 20 58
.V 257 6 38
.end
.begin 81
.H 247 27 248
.H 209 32 247
.V 209 0 32
.V 247 27 58
.end
.begin 82
.H 131 2 259
.H 85 13 106
.H 127 13 258
.H 106 14 108
.H 123 14 127
.H 108 15 123
.H 7 32 8
.H 8 33 9
.H 9 34 21
.H 21 42 22
.H 22 43 26
.H 26 44 82
.H 82 45 83
.H 83 46 258
.V 7 32 58
.V 8 32 33
.V 9 33 34
.V 21 0 42
.V 21 34 42
.V 22 42 43
.V 26 43 44
.V 82 44 45
.V 83 45 46
.V 85 0 13
.V 88 46 58
.V 99 0 13
.V 100 46 58
.V 106 13 14
.V 108 14 15
.V 109 0 15
.V 111 0 15
.V 115 46 58
.V 123 14 15
.V 127 13 14
.V 131 0 2
.V 258 2 46
.end
.begin 83
.H 232 8 236
.H 245 14 246
.H 242 24 243
.H 243 25 246
.H 236 40 238
.H 238 41 240
.H 240 42 250
.H 250 56 251
.V 232 0 8
.V 235 0 58
.V 236 0 40
.V 236 8 40
.V 238 41 58
.V 238 40 41
.V 239 0 58
.V 240 41 42
.V 242 0 24
.V 243 24 25
.V 245 0 14
.V 246 0 58
.V 246 14 42
.V 248 22 58
.V 248 22 42
.V 249 30 58
.V 249 30 42
.V 250 56 58
.end
.begin 84
.H 65 13 69
.H 69 14 77
.H 77 15 79
.H 79 16 123
.H 123 17 127
.H 127 18 128
.H 128 19 136
.H 136 20 139
.H 139 21 158
.H 158 40 159
.V 65 0 13
.V 69 13 14
.V 77 14 15
.V 79 15 16
.V 123 16 17
.V 125 0 16
.V 125 16 17
.V 127 17 18
.V 128 18 19
.V 129 19 58
.V 136 19 20
.V 139 20 21
.V 158 40 58
.end
.begin 85
.H 37 11 95
.H 32 12 37
.H 77 13 80
.H 60 45 80
.H 45 46 60
.H 15 47 45
.H 95 51 96
.V 15 47 58
.V 27 47 58
.V 32 0 12
.V 37 11 12
.V 45 46 47
.V 60 45 46
.V 77 0 13
.V 80 0 25
.V 80 11 45
.V 95 0 51
.end
.begin 86
.H 169 22 170
.H 157 49 169
.H 144 50 157
.V 144 50 58
.V 157 49 50
.V 169 0 22
.end
.begin 87
.H 166 16 212
.H 245 18 246
.H 189 42 199
.H 199 43 217
.H 217 44 245
.V 166 0 16
.V 189 42 58
.V 199 42 43
.V 212 16 43
.V 217 43 44
.V 245 18 58
.end
.begin 88
.H 172 11 173
.H 140 51 172
.V 140 51 58
.V 157 51 58
.V 170 51 58
.V 172 0 11
.end
.begin 89
.H 134 15 135
.H 80 50 134
.H 74 51 80
.H 26 52 74
.V 26 52 58
.V 74 51 52
.V 80 50 51
.V 134 0 15
.end
.begin 90
.H 128 15 129
.H 67 55 128
.V 67 55 58
.V 128 0 15
.end
.begin 91
.H 126 25 134
.H 134 26 174
.H 174 27 193
.V 126 0 25
.V 134 25 26
.V 174 26 27
.V 192 27 58
.end
.begin 92
.H 244 17 245
.H 242 39 244
.V 242 39 58
.V 244 0 17
.end
.begin 93
.H 156 5 163
.H 161 22 167
.H 165 50 166
.V 156 0 5
.V 157 0 5
.V 159 0 58
.V 161 22 58
.V 162 22 58
.V 163 22 58
.V 163 5 22
.V 165 50 58
.V 166 24 58
.V 166 22 50
.end
.begin 94
.H 253 17 254
.H 231 20 234
.H 234 21 243
.H 243 22 247
.H 247 23 249
.H 249 24 253
.V 231 0 20
.V 234 20 21
.V 243 21 22
.V 247 22 23
.V 249 23 24
.V 253 17 58
.end
.begin 95
.H 7 6 8
.H 4 17 7
.V 4 17 58
.V 7 0 6
.end
.begin 96
.H 154 23 155
.H 155 27 173
.H 173 28 260
.H 178 57 259
.V 154 0 23
.V 155 27 58
.V 155 23 27
.V 156 16 58
.V 156 16 27
.V 173 27 28
.V 177 28 58
.V 178 57 58
.V 180 57 58
.V 185 0 28
.V 186 0 28
.V 191 0 28
.V 259 28 57
.end
.begin 97
.H 228 21 229
.H 221 22 223
.H 227 22 228
.H 223 23 227
.H 142 56 227
.V 142 0 58
.V 185 56 58
.V 221 0 22
.V 223 22 23
.V 227 22 58
.V 227 22 56
.V 228 0 21
.end
.begin 98
.H 201 26 237
.H 237 56 238
.V 201 0 26
.V 237 56 58
.end
.begin 99
.H 0 15 1
.H 1 36 2
.V 0 0 15
.V 1 36 58
.end
.begin 100
.H 84 35 241
.H 57 36 84
.H 20 37 57
.H 16 38 20
.H 241 48 242
.V 16 38 58
.V 20 37 38
.V 57 36 37
.V 84 35 36
.V 241 0 48
.end
