.begin 1
.V 20 29 31
.V 39 0 6
.V 40 6 7
.V 41 7 8
.V 47 8 31
.V 47 8 29
.V 49 29 31
.V 56 29 31
.V 94 30 31
.H 39 6 40
.H 40 7 41
.H 41 8 47
.H 20 29 94
.H 94 30 95
.end
.begin 2
.V 0 21 31
.V 2 20 21
.V 19 19 20
.V 44 18 19
.V 49 0 18
.V 50 17 18
.V 51 0 8
.H 51 8 52
.H 50 17 51
.H 44 18 50
.H 19 19 44
.H 2 20 19
.H 0 21 2
.end
.begin 3
.V 0 0 19
.V 7 21 31
.V 7 19 21
.V 14 21 22
.V 28 22 31
.V 40 8 31
.V 40 8 22
.V 43 0 4
.V 45 0 4
.V 46 4 6
.V 53 6 22
.V 62 23 31
.H 43 4 46
.H 46 6 53
.H 0 19 7
.H 7 21 14
.H 14 22 62
.H 62 23 63
.end
.begin 4
.V 1 18 31
.V 2 17 18
.V 7 16 17
.V 12 0 2
.H 12 2 13
.H 7 16 12
.H 2 17 7
.H 1 18 2
.end
.begin 5
.V 1 0 9
.V 4 0 6
.V 4 6 9
.V 10 9 31
.V 13 16 31
.V 14 9 16
.V 16 16 17
.V 45 17 31
.V 48 17 31
.H 1 9 14
.H 13 16 16
.H 16 17 49
.end
.begin 6
.V 2 25 31
.V 15 0 21
.V 15 21 25
.V 20 0 2
.V 20 2 25
.V 31 0 25
.V 54 25 27
.V 57 0 2
.V 58 2 4
.V 61 4 27
.V 68 27 31
.V 74 8 31
.V 74 8 27
.V 76 0 4
.V 94 4 27
.V 96 27 29
.V 101 29 30
.V 111 30 31
.V 119 0 16
.V 120 0 31
.V 120 16 30
.H 57 2 58
.H 58 4 61
.H 76 4 94
.H 119 16 121
.H 2 25 54
.H 54 27 96
.H 96 29 101
.H 101 30 120
.end
.begin 7
.V 2 0 14
.V 8 0 2
.V 11 0 17
.V 11 2 17
.V 16 21 31
.H 8 2 11
.H 2 14 11
.H 11 17 16
.H 16 21 17
.end
.begin 8
.V 3 4 31
.V 14 0 4
.V 19 0 8
.V 19 4 8
.V 21 8 9
.V 23 9 10
.V 30 0 2
.V 30 2 10
.V 41 10 12
.V 58 0 1
.V 63 12 31
.V 71 0 1
.V 71 1 12
.V 79 12 31
.V 102 12 31
.V 109 12 14
.V 110 0 14
.V 125 14 31
.V 129 0 6
.H 58 1 71
.H 3 4 19
.H 129 6 130
.H 19 8 21
.H 21 9 23
.H 23 10 41
.H 41 12 109
.H 109 14 129
.end
.begin 9
.V 3 0 1
.V 8 8 31
.V 16 8 9
.V 17 9 10
.V 19 10 12
.V 21 12 14
.V 24 1 14
.V 30 14 16
.V 41 16 31
.V 48 0 2
.V 48 2 16
.V 50 0 16
.V 51 16 17
.V 54 17 18
.V 55 18 31
.H 3 1 24
.H 8 8 16
.H 16 9 17
.H 17 10 19
.H 19 12 21
.H 21 14 30
.H 30 16 51
.H 51 17 54
.H 54 18 56
.end
.begin 10
.V 4 10 31
.V 7 10 12
.V 16 12 14
.V 17 14 16
.V 27 20 31
.H 4 10 7
.H 7 12 16
.H 16 14 17
.H 17 16 27
.H 27 20 28
.end
.begin 11
.V 5 30 31
.V 12 30 31
.V 21 0 4
.V 29 4 31
.V 29 4 30
.V 33 0 31
.V 35 30 31
.V 39 12 31
.H 21 4 29
.H 39 12 40
.H 5 30 39
.end
.begin 12
.V 5 0 29
.V 9 0 10
.V 12 10 29
.V 17 21 31
.H 9 10 12
.H 17 21 18
.H 5 29 17
.end
.begin 13
.V 6 27 31
.V 13 0 14
.H 13 14 14
.H 6 27 13
.end
.begin 14
.V 6 0 23
.V 10 0 7
.V 14 23 31
.V 15 27 31
.V 16 6 7
.V 18 0 19
.V 18 6 27
.H 16 6 19
.H 10 7 16
.H 6 23 18
.H 15 27 18
.end
.begin 15
.V 7 0 7
.V 8 6 7
.V 16 0 2
.H 16 2 17
.H 8 6 16
.H 7 7 8
.end
.begin 16
.V 9 18 31
.V 26 0 31
.V 28 0 18
.V 42 10 31
.H 42 10 43
.H 9 18 42
.end
.begin 17
.V 11 19 31
.V 18 29 31
.H 11 19 18
.H 18 29 19
.end
.begin 18
.V 17 0 7
.V 21 6 7
.V 25 0 6
.V 27 0 16
.H 21 6 27
.H 17 7 21
.H 27 16 28
.end
.begin 19
.V 19 23 31
.V 56 0 23
.V 60 23 25
.V 67 25 31
.V 75 0 31
.V 99 25 27
.V 110 27 31
.V 118 0 4
.V 121 0 31
.V 121 4 27
.H 118 4 122
.H 19 23 60
.H 60 25 99
.H 99 27 121
.end
.begin 20
.V 21 20 31
.V 24 20 21
.V 38 0 4
.V 41 4 6
.V 43 6 7
.V 50 21 31
.V 52 7 8
.V 57 21 31
.V 57 8 21
.V 93 21 31
.V 96 0 21
.V 104 20 21
.V 105 0 21
.V 105 20 21
.V 107 0 20
.V 129 19 20
.V 134 0 6
.V 134 6 19
.V 136 4 6
.V 143 0 4
.V 154 0 4
.V 165 0 9
.H 38 4 41
.H 136 4 165
.H 41 6 43
.H 134 6 136
.H 43 7 52
.H 52 8 57
.H 165 9 166
.H 129 19 134
.H 21 20 24
.H 104 20 129
.H 24 21 104
.end
.begin 21
.V 22 10 31
.V 23 0 7
.H 23 7 24
.H 22 10 23
.end
.begin 22
.V 22 0 2
.V 29 1 2
.V 42 0 7
.V 42 1 7
.V 44 0 6
.H 29 1 44
.H 22 2 29
.H 44 6 45
.end
.begin 23
.V 23 12 31
.V 36 0 12
.V 37 12 14
.V 52 14 31
.V 54 0 14
.V 59 14 31
.V 91 14 31
.V 109 0 8
.H 109 8 110
.H 23 12 37
.H 37 14 109
.end
.begin 24
.V 24 27 31
.V 35 0 27
.V 53 30 31
.V 53 27 30
.V 60 30 31
.V 90 6 31
.V 90 6 30
.V 95 4 6
.V 98 0 4
.V 103 0 4
.V 115 2 4
.V 132 0 6
.V 132 2 6
.V 141 0 2
.V 145 0 2
.V 152 0 2
.V 163 0 2
.H 115 2 164
.H 95 4 115
.H 90 6 95
.H 24 27 53
.H 53 30 90
.end
.begin 25
.V 30 20 31
.V 37 0 4
.H 37 4 38
.H 30 20 37
.end
.begin 26
.V 32 0 31
.V 34 6 31
.H 34 6 35
.H 32 14 34
.end
.begin 27
.V 37 20 31
.V 44 20 31
.V 60 0 20
.V 70 20 31
.V 85 0 1
.H 85 1 86
.H 37 20 85
.end
.begin 28
.V 38 9 31
.V 65 9 10
.V 66 10 31
.H 38 9 65
.H 65 10 67
.end
.begin 29
.V 40 0 2
.V 47 2 4
.V 57 4 6
.V 58 7 31
.H 40 2 47
.H 47 4 57
.H 57 6 58
.H 58 7 59
.end
.begin 30
.V 43 10 31
.V 59 0 10
.V 64 17 31
.V 64 10 17
.V 65 17 18
.V 72 0 1
.V 72 1 18
.V 78 2 31
.V 78 2 18
.V 103 18 31
.V 104 18 19
.V 111 0 19
.V 124 19 31
.V 128 0 19
.H 43 10 64
.H 64 17 65
.H 65 18 104
.H 104 19 129
.end
.begin 31
.V 46 19 31
.V 66 0 9
.V 67 9 19
.V 70 0 19
.V 80 19 31
.V 81 0 1
.V 81 1 19
.V 83 0 8
.V 86 8 19
.V 87 19 20
.V 88 8 31
.V 88 8 20
.V 90 0 1
.H 90 1 91
.H 83 8 86
.H 88 8 90
.H 66 9 67
.H 46 19 87
.H 87 20 88
.end
.begin 32
.V 51 18 31
.V 53 0 2
.H 53 2 54
.H 51 18 53
.end
.begin 33
.V 55 0 16
.V 80 0 16
.V 82 0 1
.H 82 1 83
.H 55 16 82
.end
.begin 34
.V 61 0 2
.V 76 8 31
.H 61 2 76
.H 76 8 77
.end
.begin 35
.V 62 0 22
.V 68 0 22
.V 71 22 31
.V 86 0 1
.H 86 1 87
.H 62 22 86
.end
.begin 36
.V 63 0 4
.V 74 4 6
.V 76 6 7
.V 84 7 31
.V 87 0 1
.H 87 1 88
.H 63 4 74
.H 74 6 76
.H 76 7 87
.end
.begin 37
.V 64 0 7
.V 73 0 8
.H 64 7 73
.H 73 8 74
.end
.begin 38
.V 65 23 31
.V 69 0 6
.H 69 6 70
.H 65 23 69
.end
.begin 39
.V 65 0 8
.V 67 0 8
.V 69 8 9
.V 82 8 31
.V 82 8 9
.V 91 0 9
.V 98 9 31
.V 99 9 10
.V 100 25 31
.V 101 0 25
.V 101 10 25
.H 65 8 69
.H 69 9 99
.H 99 10 102
.H 100 25 101
.end
.begin 40
.V 69 10 31
.V 97 27 31
.V 97 10 27
.V 99 30 31
.H 69 10 97
.H 97 27 99
.H 99 30 100
.end
.begin 41
.V 72 23 31
.V 74 0 1
.H 74 1 75
.H 72 23 74
.end
.begin 42
.V 73 17 31
.V 106 17 18
.V 114 18 31
.V 116 21 31
.H 73 17 106
.H 106 18 116
.H 116 21 117
.end
.begin 43
.V 77 8 31
.V 81 23 31
.H 77 8 81
.H 81 23 82
.end
.begin 44
.V 77 0 6
.V 87 6 7
.V 95 7 8
.V 102 8 9
.V 103 9 10
.V 113 10 12
.V 129 12 14
.V 131 14 16
.V 142 16 17
.V 146 17 31
.V 148 18 31
.H 77 6 87
.H 87 7 95
.H 95 8 102
.H 102 9 103
.H 103 10 113
.H 113 12 129
.H 129 14 131
.H 131 16 142
.H 142 17 148
.H 148 18 149
.end
.begin 45
.V 78 0 1
.V 79 1 2
.V 92 19 31
.H 78 1 79
.H 79 2 92
.H 92 19 93
.end
.begin 46
.V 83 16 31
.V 85 16 31
.V 92 0 2
.V 92 2 16
.V 118 16 17
.V 137 17 18
.V 145 18 31
.V 147 0 31
.H 83 16 118
.H 118 17 137
.H 137 18 147
.H 147 25 148
.end
.begin 47
.V 86 22 31
.V 93 0 20
.V 99 20 22
.V 100 0 22
.V 113 22 31
.V 115 21 31
.H 93 20 99
.H 115 21 116
.H 86 22 115
.end
.begin 48
.V 87 23 31
.V 88 0 6
.H 88 6 89
.H 87 23 88
.end
.begin 49
.V 89 0 23
.V 104 23 25
.V 109 25 31
.V 117 0 25
.V 122 0 31
.H 89 23 104
.H 104 25 122
.H 122 30 123
.end
.begin 50
.V 94 0 1
.V 104 29 31
.V 112 0 29
.V 112 1 29
.V 123 16 31
.V 123 16 29
.V 127 0 4
.H 94 1 112
.H 127 4 128
.H 123 16 127
.H 104 29 123
.end
.begin 51
.V 95 19 31
.V 104 0 6
.H 104 6 105
.H 95 19 104
.end
.begin 52
.V 95 0 2
.V 106 0 2
.V 108 0 7
.V 108 2 7
.V 114 1 2
.V 135 0 12
.V 135 1 12
.V 142 0 1
.V 155 0 16
.V 155 1 16
.V 166 0 1
.H 114 1 167
.H 95 2 114
.end
.begin 53
.V 97 0 7
.V 103 7 8
.V 104 8 9
.V 114 9 10
.V 118 22 31
.H 97 7 103
.H 103 8 104
.H 104 9 114
.H 114 10 118
.H 118 22 119
.end
.begin 54
.V 105 23 31
.V 127 23 25
.V 129 22 31
.V 129 22 25
.V 131 25 31
.V 144 25 27
.V 160 0 6
.V 162 6 7
.V 163 7 8
.V 166 8 27
.V 167 23 31
.H 160 6 162
.H 162 7 163
.H 163 8 166
.H 105 23 127
.H 167 23 168
.H 127 25 144
.H 144 27 167
.end
.begin 55
.V 108 17 31
.V 116 17 18
.V 130 0 31
.V 134 21 31
.V 136 18 21
.V 140 0 17
.V 141 17 21
.V 152 21 31
.V 154 21 31
.V 164 21 22
.V 168 22 23
.V 170 16 31
.H 170 16 171
.H 108 17 116
.H 140 17 141
.H 116 18 136
.H 134 21 164
.H 164 22 168
.H 168 23 170
.end
.begin 56
.V 113 0 6
.V 114 6 7
.V 115 7 8
.V 116 8 9
.V 118 9 10
.V 131 10 12
.V 132 10 31
.H 113 6 114
.H 114 7 115
.H 115 8 116
.H 116 9 118
.H 118 10 131
.H 132 10 133
.H 131 12 132
.end
.begin 57
.V 116 0 7
.V 118 7 8
.V 123 8 9
.V 136 9 10
.V 154 10 12
.V 156 12 14
.V 158 14 16
.V 164 16 17
.V 165 18 31
.H 116 7 118
.H 118 8 123
.H 123 9 136
.H 136 10 154
.H 154 12 156
.H 156 14 158
.H 158 16 164
.H 164 17 165
.H 165 18 166
.end
.begin 58
.V 119 21 31
.V 131 21 22
.V 153 25 31
.V 153 22 25
.V 155 25 31
.H 119 21 131
.H 131 22 153
.H 153 25 156
.end
.begin 59
.V 123 0 4
.V 124 4 6
.V 125 6 7
.V 128 30 31
.H 123 4 124
.H 124 6 125
.H 125 7 128
.H 128 30 129
.end
.begin 60
.V 126 22 31
.V 128 22 23
.V 142 23 31
.V 155 22 23
.V 158 0 7
.H 158 7 159
.H 126 22 128
.H 155 22 158
.H 128 23 155
.end
.begin 61
.V 126 0 8
.V 141 8 9
.V 156 9 10
.V 158 10 12
.V 164 12 14
.V 165 14 16
.V 168 16 17
.V 171 25 31
.H 126 8 141
.H 141 9 156
.H 156 10 158
.H 158 12 164
.H 164 14 165
.H 165 16 168
.H 168 17 171
.H 171 25 172
.end
.begin 62
.V 127 27 31
.V 128 27 29
.V 136 29 30
.V 148 0 17
.V 151 17 30
.V 159 0 30
.V 166 30 31
.H 148 17 151
.H 127 27 128
.H 128 29 136
.H 136 30 167
.end
.begin 63
.V 133 27 31
.V 139 0 6
.V 141 6 7
.V 141 27 29
.V 142 7 8
.V 149 0 29
.V 149 8 29
.V 161 0 31
.V 163 9 31
.V 163 9 29
.V 172 20 31
.H 139 6 141
.H 141 7 142
.H 142 8 149
.H 172 20 173
.H 133 27 141
.H 141 29 172
.end
.begin 64
.V 133 0 20
.V 157 12 31
.H 157 12 158
.H 133 20 157
.end
.begin 65
.V 135 14 31
.V 136 12 14
.V 153 0 17
.H 136 12 153
.H 135 14 136
.H 153 17 154
.end
.begin 66
.V 137 29 31
.V 139 9 31
.H 139 9 140
.H 137 29 139
.end
.begin 67
.V 137 0 14
.V 143 14 16
.V 154 16 17
.V 155 17 18
.V 164 18 19
.V 167 0 19
.V 168 19 20
.V 169 9 31
.H 169 9 170
.H 137 14 143
.H 143 16 154
.H 154 17 155
.H 155 18 164
.H 164 19 168
.H 168 20 169
.end
.begin 68
.V 138 0 31
.V 140 19 31
.V 143 19 31
.V 150 0 8
.V 152 8 19
.V 158 19 20
.V 167 20 21
.V 171 21 22
.V 173 20 31
.H 150 8 152
.H 138 19 158
.H 158 20 167
.H 173 20 174
.H 167 21 171
.H 171 22 173
.end
.begin 69
.V 144 0 14
.V 150 18 31
.H 144 14 150
.H 150 18 151
.end
.begin 70
.V 157 0 9
.V 162 9 10
.V 165 10 12
.V 168 25 31
.H 157 9 162
.H 162 10 165
.H 165 12 168
.H 168 25 169
.end
.begin 71
.V 158 22 31
.V 164 0 9
.H 164 9 165
.H 158 22 164
.end
.begin 72
.V 160 8 31
.V 162 14 31
.H 160 8 162
.H 162 14 163
.end
