.begin 1
.V 14 53 61
.V 16 52 53
.V 62 51 52
.V 74 50 51
.V 197 0 17
.H 197 17 198
.H 74 50 197
.H 62 51 74
.H 16 52 62
.H 14 53 16
.end
.begin 2
.V 4 0 8
.V 7 8 9
.V 11 9 10
.V 18 10 11
.V 25 11 12
.V 26 12 14
.V 36 14 16
.V 38 16 17
.V 41 17 19
.V 42 19 20
.V 70 20 22
.V 73 22 24
.V 100 24 26
.V 177 26 28
.V 197 28 30
.V 214 35 61
.H 4 8 7
.H 7 9 11
.H 11 10 18
.H 18 11 25
.H 25 12 26
.H 26 14 36
.H 36 16 38
.H 38 17 41
.H 41 19 42
.H 42 20 70
.H 70 22 73
.H 73 24 100
.H 100 26 177
.H 177 28 197
.H 197 30 214
.H 214 35 215
.end
.begin 3
.V 25 20 61
.V 27 20 22
.V 28 22 24
.V 29 24 26
.V 31 26 28
.V 36 28 30
.V 38 30 32
.V 45 32 34
.V 51 0 7
.V 52 0 7
.V 52 7 34
.V 68 54 61
.V 69 34 54
.V 79 51 61
.V 79 51 54
.V 82 0 8
.V 162 0 8
.V 162 8 54
.V 184 36 61
.V 184 36 54
.V 202 0 36
.V 204 35 36
.V 214 0 12
.H 51 7 52
.H 82 8 162
.H 214 12 215
.H 25 20 27
.H 27 22 28
.H 28 24 29
.H 29 26 31
.H 31 28 36
.H 36 30 38
.H 38 32 45
.H 45 34 69
.H 204 35 214
.H 184 36 204
.H 68 54 184
.end
.begin 4
.V 57 0 12
.V 76 12 14
.V 124 14 16
.V 134 16 17
.V 173 17 19
.V 177 19 20
.V 227 20 22
.V 238 22 24
.V 243 56 61
.H 57 12 76
.H 76 14 124
.H 124 16 134
.H 134 17 173
.H 173 19 177
.H 177 20 227
.H 227 22 238
.H 238 24 243
.H 243 56 244
.end
.begin 5
.V 8 58 61
.V 10 57 58
.V 13 56 57
.V 192 54 56
.V 249 0 8
.H 249 8 250
.H 192 54 249
.H 13 56 192
.H 10 57 13
.H 8 58 10
.end
.begin 6
.V 15 0 12
.V 22 12 14
.V 25 14 16
.V 31 0 16
.V 35 16 17
.V 36 17 19
.V 38 19 20
.V 39 20 22
.V 40 22 24
.V 41 24 26
.V 47 0 26
.V 50 0 26
.V 98 26 28
.V 152 0 28
.V 173 28 61
.V 174 28 30
.V 179 0 30
.V 192 30 32
.V 214 32 34
.V 237 34 35
.V 238 35 36
.V 241 36 38
.V 243 38 39
.V 247 39 40
.V 252 40 61
.H 15 12 22
.H 22 14 25
.H 25 16 35
.H 35 17 36
.H 36 19 38
.H 38 20 39
.H 39 22 40
.H 40 24 41
.H 41 26 98
.H 98 28 174
.H 174 30 192
.H 192 32 214
.H 214 34 237
.H 237 35 238
.H 238 36 241
.H 241 38 243
.H 243 39 247
.H 247 40 253
.end
.begin 7
.V 58 28 61
.V 64 0 28
.V 72 0 2
.V 72 2 28
.V 84 0 28
.V 92 28 30
.V 105 0 30
.V 110 0 30
.V 141 0 30
.V 145 0 11
.V 146 0 30
.V 146 11 30
.V 163 0 30
.V 171 30 32
.V 186 60 61
.V 191 32 34
.V 197 34 60
.V 222 0 16
.V 226 60 61
.V 237 0 28
.V 255 16 60
.H 145 11 146
.H 222 16 256
.H 58 28 92
.H 237 28 255
.H 92 30 171
.H 171 32 191
.H 191 34 197
.H 186 60 255
.end
.begin 8
.V 24 0 19
.V 28 19 20
.V 29 20 22
.V 31 22 24
.V 36 24 26
.V 38 26 28
.V 39 28 30
.V 44 19 61
.V 44 19 30
.V 48 30 32
.V 72 32 34
.V 104 34 35
.V 135 35 36
.V 138 36 38
.V 199 38 61
.V 204 38 61
.H 24 19 28
.H 28 20 29
.H 29 22 31
.H 31 24 36
.H 36 26 38
.H 38 28 39
.H 39 30 48
.H 48 32 72
.H 72 34 104
.H 104 35 135
.H 135 36 138
.H 138 38 205
.end
.begin 9
.V 21 58 61
.V 230 0 17
.H 230 17 231
.H 21 58 230
.end
.begin 10
.V 44 0 12
.V 53 14 61
.V 53 12 14
.V 73 14 16
.V 89 16 17
.V 99 17 19
.V 143 19 20
.V 174 20 22
.V 214 22 24
.V 232 50 61
.V 232 24 50
.V 233 50 51
.V 240 0 51
.V 254 53 61
.H 44 12 53
.H 53 14 73
.H 73 16 89
.H 89 17 99
.H 99 19 143
.H 143 20 174
.H 174 22 214
.H 214 24 232
.H 232 50 233
.H 233 51 254
.H 254 53 255
.end
.begin 11
.V 117 0 10
.V 134 10 11
.V 143 11 12
.V 144 12 14
.V 157 14 16
.V 174 16 17
.V 194 30 61
.H 117 10 134
.H 134 11 143
.H 143 12 144
.H 144 14 157
.H 157 16 174
.H 174 17 194
.H 194 30 195
.end
.begin 12
.V 30 9 61
.V 35 8 9
.V 53 7 8
.V 70 6 7
.V 83 0 7
.H 70 6 83
.H 53 7 70
.H 83 7 84
.H 35 8 53
.H 30 9 35
.end
.begin 13
.V 20 7 61
.V 26 7 8
.V 28 8 9
.V 29 9 10
.V 33 0 10
.V 49 59 61
.V 52 59 61
.V 54 0 61
.V 54 10 59
.V 58 0 10
.V 66 10 11
.V 69 59 61
.V 70 10 11
.V 73 9 10
.V 75 0 32
.V 169 9 59
.H 20 7 26
.H 26 8 28
.H 28 9 29
.H 73 9 170
.H 29 10 54
.H 58 10 66
.H 70 10 73
.H 66 11 70
.H 75 32 169
.H 49 59 169
.end
.begin 14
.V 10 0 54
.V 65 54 61
.H 10 54 66
.end
.begin 15
.V 190 0 10
.V 196 56 61
.V 208 0 10
.V 211 44 61
.V 212 56 61
.V 218 56 61
.V 218 10 56
.V 219 50 61
.H 190 10 218
.H 211 44 218
.H 219 50 220
.H 196 56 219
.end
.begin 16
.V 9 17 61
.V 11 40 61
.V 11 17 40
.V 14 0 26
.V 14 26 40
.V 57 28 61
.V 57 28 40
.V 61 0 39
.V 61 39 40
.V 70 34 61
.V 70 34 40
.V 97 11 61
.V 97 11 40
.V 108 0 2
.H 108 2 109
.H 97 11 108
.H 9 17 11
.H 11 40 97
.end
.begin 17
.V 40 53 61
.V 133 0 7
.H 133 7 134
.H 40 53 133
.end
.begin 18
.V 2 0 4
.V 3 0 61
.H 2 4 3
.H 3 60 4
.end
.begin 19
.V 187 0 24
.V 210 24 26
.V 217 26 28
.V 223 0 28
.V 231 28 30
.V 233 58 61
.V 240 58 59
.V 244 30 32
.V 251 32 61
.V 251 32 59
.H 187 24 210
.H 210 26 217
.H 217 28 231
.H 231 30 244
.H 244 32 252
.H 233 58 240
.H 240 59 251
.end
.begin 20
.V 130 46 61
.V 174 0 7
.H 174 7 175
.H 130 46 174
.end
.begin 21
.V 104 0 22
.V 107 0 2
.V 107 2 22
.V 111 22 61
.V 112 22 61
.V 114 0 22
.V 117 22 61
.V 122 0 12
.V 122 12 22
.V 123 0 22
.V 129 0 1
.V 129 1 22
.V 133 11 61
.V 133 11 22
.V 134 34 61
.H 104 22 134
.H 134 34 135
.end
.begin 22
.V 181 0 7
.V 236 59 61
.H 181 7 236
.H 236 59 237
.end
.begin 23
.V 12 0 43
.V 14 43 44
.V 19 30 61
.H 19 30 20
.H 12 43 14
.H 14 44 19
.end
.begin 24
.V 8 0 49
.V 13 49 50
.V 14 50 51
.V 60 45 61
.H 60 45 61
.H 8 49 13
.H 13 50 14
.H 14 51 60
.end
.begin 25
.V 137 0 39
.V 228 51 61
.H 137 39 228
.H 228 51 229
.end
.begin 26
.V 182 12 61
.V 184 11 12
.V 238 0 12
.H 184 11 238
.H 182 12 184
.H 238 12 239
.end
.begin 27
.V 171 0 22
.V 173 22 24
.V 176 0 61
.V 183 11 61
.V 183 11 24
.V 184 24 26
.V 187 41 61
.V 187 26 41
.V 192 41 42
.V 205 0 42
.V 210 0 16
.V 217 35 61
.V 221 16 42
.H 210 16 222
.H 171 22 173
.H 173 24 184
.H 184 26 187
.H 217 35 221
.H 187 41 192
.H 192 42 221
.end
.begin 28
.V 93 0 4
.V 96 0 4
.V 112 4 5
.V 118 0 5
.V 132 0 5
.V 139 43 61
.V 141 43 61
.V 250 5 43
.H 93 4 112
.H 112 5 251
.H 139 43 250
.end
.begin 29
.V 102 0 20
.V 109 20 61
.V 116 0 20
.V 124 20 61
.V 134 20 22
.V 150 0 22
.V 153 7 61
.V 153 7 22
.V 160 22 61
.V 165 0 22
.V 169 60 61
.H 102 20 134
.H 134 22 169
.H 169 60 170
.end
.begin 30
.V 145 12 61
.V 148 0 10
.H 148 10 149
.H 145 12 148
.end
.begin 31
.V 30 0 3
.V 75 47 61
.V 90 49 61
.V 112 0 3
.V 118 49 61
.V 254 3 49
.H 30 3 255
.H 75 47 254
.H 90 49 254
.end
.begin 32
.V 41 45 61
.V 48 45 61
.V 56 45 46
.V 74 0 46
.V 84 46 61
.V 86 46 61
.V 90 45 46
.V 119 0 2
.H 119 2 120
.H 41 45 56
.H 90 45 119
.H 56 46 90
.end
.begin 33
.V 193 0 44
.V 194 0 17
.V 195 0 17
.V 195 17 44
.V 196 0 12
.V 196 12 44
.V 198 0 17
.V 199 0 17
.V 200 0 61
.V 200 17 44
.V 201 50 61
.V 201 44 50
.V 202 50 61
.V 206 50 61
.H 194 17 195
.H 198 17 200
.H 193 44 201
.H 201 50 207
.end
.begin 34
.V 77 17 61
.V 81 0 61
.V 82 17 19
.V 88 0 19
.V 92 0 19
.V 98 19 20
.V 100 20 22
.V 102 22 24
.V 120 0 24
.V 121 0 24
.V 135 0 24
.V 138 0 35
.V 138 24 35
.V 148 44 61
.V 148 35 44
.V 149 0 44
.V 161 0 44
.V 168 0 61
.H 77 17 82
.H 82 19 98
.H 98 20 100
.H 100 22 102
.H 102 24 138
.H 138 35 148
.H 148 44 168
.H 168 60 169
.end
.begin 35
.V 37 22 61
.V 38 22 24
.V 39 24 26
.V 40 26 28
.V 46 0 61
.V 47 28 61
.V 49 0 47
.V 49 28 47
.V 53 0 2
.V 56 47 61
.V 63 0 45
.V 63 2 47
.V 64 47 61
.V 66 47 61
.V 68 0 47
.V 70 0 2
.H 53 2 63
.H 70 2 71
.H 37 22 38
.H 38 24 39
.H 39 26 40
.H 40 28 49
.H 49 47 70
.end
.begin 36
.V 229 57 61
.V 242 56 57
.V 243 0 35
.H 243 35 244
.H 242 56 243
.H 229 57 242
.end
.begin 37
.V 122 45 61
.V 136 0 39
.H 136 39 137
.H 122 45 136
.end
.begin 38
.V 63 52 61
.V 82 51 61
.V 82 51 52
.V 83 17 61
.V 83 17 52
.V 106 0 17
.V 132 52 61
.V 132 17 52
.V 152 52 61
.V 179 52 61
.V 183 0 8
.H 183 8 184
.H 106 17 132
.H 63 52 183
.end
.begin 39
.V 1 0 45
.V 31 45 46
.V 34 46 47
.V 40 47 48
.V 80 12 61
.H 80 12 81
.H 1 45 31
.H 31 46 34
.H 34 47 40
.H 40 48 80
.end
.begin 40
.V 210 38 61
.V 211 36 38
.V 230 35 36
.V 233 0 46
.H 230 35 233
.H 211 36 230
.H 210 38 211
.H 233 46 234
.end
.begin 41
.V 172 14 61
.V 175 0 61
.V 189 0 9
.V 189 9 14
.V 218 0 9
.V 234 0 39
.V 234 9 39
.V 247 8 9
.V 248 0 42
.H 247 8 248
.H 189 9 247
.H 172 14 189
.H 248 42 249
.end
.begin 42
.V 76 60 61
.V 155 0 16
.H 155 16 156
.H 76 60 155
.end
.begin 43
.V 19 0 8
.V 20 0 5
.V 22 0 5
.V 22 5 8
.V 23 8 61
.V 24 50 61
.V 25 0 5
.V 25 8 9
.V 26 0 5
.V 27 0 5
.V 27 9 10
.V 28 0 5
.V 28 10 11
.V 29 43 61
.V 30 5 6
.V 31 50 61
.V 65 6 50
.H 20 5 22
.H 25 5 30
.H 30 6 66
.H 19 8 25
.H 25 9 27
.H 27 10 28
.H 28 11 65
.H 29 43 65
.H 24 50 65
.end
.begin 44
.V 143 34 61
.V 144 0 7
.H 144 7 145
.H 143 34 144
.end
.begin 45
.V 12 47 61
.V 13 0 47
.V 14 47 48
.V 16 0 6
.V 16 6 48
.V 21 48 49
.V 22 49 61
.V 28 49 61
.V 36 0 9
.V 38 0 9
.V 42 24 61
.V 66 0 9
.V 67 0 24
.V 67 9 49
.V 70 8 9
.V 73 7 8
.V 79 0 7
.H 73 7 80
.H 70 8 73
.H 36 9 70
.H 42 24 67
.H 12 47 14
.H 14 48 21
.H 21 49 67
.end
.begin 46
.V 188 53 61
.V 247 0 6
.H 247 6 248
.H 188 53 247
.end
.begin 47
.V 39 44 61
.V 66 43 44
.V 116 42 43
.V 122 41 42
.V 130 0 12
.H 130 12 131
.H 122 41 130
.H 116 42 122
.H 66 43 116
.H 39 44 66
.end
.begin 48
.V 125 12 61
.V 126 43 61
.V 127 12 61
.V 127 12 43
.V 135 43 61
.V 137 53 61
.V 137 43 53
.V 140 0 24
.V 143 0 1
.V 149 53 61
.V 160 0 1
.V 164 0 61
.V 164 1 53
.V 167 12 61
.H 143 1 164
.H 125 12 127
.H 167 12 168
.H 140 24 164
.H 126 43 137
.H 137 53 167
.end
.begin 49
.V 5 0 12
.V 6 12 14
.V 7 14 16
.V 15 16 17
.V 19 17 19
.V 22 19 20
.V 24 20 22
.V 26 22 24
.V 27 24 26
.V 28 26 28
.V 29 28 30
.V 31 30 32
.V 36 32 34
.V 43 59 61
.H 5 12 6
.H 6 14 7
.H 7 16 15
.H 15 17 19
.H 19 19 22
.H 22 20 24
.H 24 22 26
.H 26 24 27
.H 27 26 28
.H 28 28 29
.H 29 30 31
.H 31 32 36
.H 36 34 43
.H 43 59 44
.end
.begin 50
.V 5 58 61
.V 6 0 10
.H 6 10 7
.H 5 58 6
.end
.begin 51
.V 138 40 61
.V 227 0 12
.H 227 12 228
.H 138 40 227
.end
.begin 52
.V 188 0 26
.V 192 0 12
.V 192 12 26
.V 193 51 61
.V 205 51 61
.V 206 0 12
.V 208 51 61
.V 208 12 51
.V 212 0 51
.V 216 0 51
.V 221 56 61
.V 221 51 56
.V 222 22 61
.H 206 12 208
.H 222 22 223
.H 188 26 208
.H 193 51 221
.H 221 56 222
.end
.begin 53
.V 41 0 16
.V 69 0 16
.V 70 16 17
.V 76 17 19
.V 79 19 20
.V 96 6 61
.H 96 6 97
.H 41 16 70
.H 70 17 76
.H 76 19 79
.H 79 20 96
.end
.begin 54
.V 11 0 1
.V 17 39 61
.V 18 0 1
.V 23 0 1
.V 38 39 61
.V 45 42 61
.V 59 0 61
.V 59 1 42
.V 61 51 61
.H 11 1 59
.H 17 39 59
.H 45 42 61
.H 61 51 62
.end
.begin 55
.V 17 0 36
.V 36 36 61
.V 98 36 38
.V 135 38 39
.V 136 45 61
.H 17 36 98
.H 98 38 135
.H 135 39 136
.H 136 45 137
.end
.begin 56
.V 153 0 6
.V 241 46 61
.H 153 6 241
.H 241 46 242
.end
.begin 57
.V 203 59 61
.V 204 0 14
.V 206 14 16
.V 209 16 61
.V 209 16 59
.V 213 59 61
.V 215 0 61
.V 216 59 61
.V 220 46 61
.V 220 46 59
.V 225 0 61
.V 226 0 35
.H 204 14 206
.H 206 16 209
.H 226 35 227
.H 203 59 226
.end
.begin 58
.V 106 44 61
.V 147 11 61
.V 147 11 44
.V 156 10 11
.V 173 0 10
.V 183 9 10
.V 184 8 9
.V 203 0 35
.V 203 8 35
.V 224 0 8
.H 184 8 225
.H 183 9 184
.H 156 10 183
.H 147 11 156
.H 106 44 147
.end
.begin 59
.V 89 44 61
.V 103 0 2
.H 103 2 104
.H 89 44 103
.end
.begin 60
.V 2 7 61
.V 10 59 61
.V 11 7 8
.V 13 59 60
.V 18 8 9
.V 19 9 10
.V 26 10 11
.V 27 11 12
.V 33 12 60
.V 35 0 4
.V 39 0 19
.V 40 19 20
.V 41 20 22
.V 50 60 61
.V 62 60 61
.V 69 22 24
.V 71 0 61
.V 71 4 60
.V 73 32 61
.H 35 4 71
.H 2 7 11
.H 11 8 18
.H 18 9 19
.H 19 10 26
.H 26 11 27
.H 27 12 33
.H 39 19 40
.H 40 20 41
.H 41 22 69
.H 69 24 71
.H 73 32 74
.H 10 59 13
.H 13 60 73
.end
.begin 61
.V 9 0 12
.V 11 12 14
.V 18 14 61
.V 19 14 16
.V 22 16 17
.V 29 17 19
.V 31 19 20
.V 34 59 61
.H 9 12 11
.H 11 14 19
.H 19 16 22
.H 22 17 29
.H 29 19 31
.H 31 20 34
.H 34 59 35
.end
.begin 62
.V 97 0 6
.V 99 6 7
.V 103 6 61
.V 103 6 7
.V 104 44 61
.H 97 6 99
.H 99 7 104
.H 104 44 105
.end
.begin 63
.V 72 42 61
.V 73 0 4
.V 78 42 61
.V 85 42 61
.V 86 0 4
.V 86 4 42
.V 94 0 42
.V 98 42 61
.V 101 42 61
.V 105 42 61
.V 110 42 61
.V 114 41 42
.V 115 0 10
.H 73 4 86
.H 115 10 116
.H 114 41 115
.H 72 42 114
.end
.begin 64
.V 0 47 61
.V 1 46 47
.V 29 0 8
.H 29 8 30
.H 1 46 29
.H 0 47 1
.end
.begin 65
.V 131 40 61
.V 135 40 41
.V 139 0 7
.V 139 7 41
.V 150 41 61
.V 158 0 41
.V 171 45 61
.V 171 41 45
.V 178 0 11
.V 178 11 45
.V 207 0 61
.V 213 0 45
.V 217 0 22
.H 217 22 218
.H 131 40 135
.H 135 41 171
.H 171 45 217
.end
.begin 66
.V 191 35 61
.V 199 34 35
.V 211 0 34
.H 199 34 212
.H 191 35 199
.end
.begin 67
.V 147 0 4
.V 167 0 8
.V 167 4 8
.V 181 19 61
.V 181 8 19
.V 224 30 61
.V 224 19 30
.V 231 40 61
.H 147 4 167
.H 167 8 181
.H 181 19 224
.H 224 30 231
.H 231 40 232
.end
.begin 68
.V 174 46 61
.V 195 46 61
.V 219 45 46
.V 229 0 45
.H 219 45 230
.H 174 46 219
.end
.begin 69
.V 89 0 12
.V 93 7 61
.V 93 7 12
.V 94 51 61
.V 98 0 12
.V 100 0 12
.V 113 0 6
.V 114 51 61
.V 116 51 61
.V 119 6 61
.V 119 6 51
.H 113 6 120
.H 89 12 119
.H 94 51 119
.end
.begin 70
.V 90 0 16
.V 91 46 61
.V 92 46 61
.V 118 16 46
.H 90 16 119
.H 91 46 118
.end
.begin 71
.V 220 0 38
.V 230 38 39
.V 234 59 61
.H 220 38 230
.H 230 39 234
.H 234 59 235
.end
.begin 72
.V 219 0 44
.V 230 59 61
.H 219 44 230
.H 230 59 231
.end
.begin 73
.V 107 34 61
.V 108 7 61
.V 108 7 34
.V 120 34 61
.V 123 34 61
.V 127 0 7
.H 127 7 128
.H 107 34 127
.end
.begin 74
.V 146 45 61
.V 151 0 61
.V 170 0 9
.V 170 9 45
.V 177 0 9
.V 180 0 9
.V 182 0 11
.H 170 9 182
.H 182 11 183
.H 146 45 170
.end
.begin 75
.V 40 0 14
.V 51 28 61
.V 51 14 28
.V 56 28 30
.V 87 30 61
.V 91 0 39
.V 91 30 39
.V 95 39 61
.V 101 0 39
.V 102 39 61
.V 121 39 61
.V 128 51 61
.H 40 14 51
.H 51 28 56
.H 56 30 91
.H 91 39 128
.H 128 51 129
.end
.begin 76
.V 6 42 61
.V 14 41 42
.V 37 0 20
.H 37 20 38
.H 14 41 37
.H 6 42 14
.end
.begin 77
.V 42 0 17
.V 66 17 19
.V 73 19 20
.V 76 20 22
.V 78 0 22
.V 87 0 22
.V 99 41 61
.V 99 22 41
.V 113 10 61
.H 113 10 114
.H 42 17 66
.H 66 19 73
.H 73 20 76
.H 76 22 99
.H 99 41 113
.end
.begin 78
.V 32 7 61
.V 34 0 45
.V 34 7 45
.V 35 26 61
.V 35 26 45
.V 40 45 46
.V 43 0 46
.V 45 0 19
.V 48 0 19
.V 55 0 61
.V 55 19 46
.V 56 0 19
.V 60 0 19
.V 62 0 45
.H 32 7 34
.H 45 19 62
.H 34 45 40
.H 62 45 63
.H 40 46 55
.end
.begin 79
.V 76 0 10
.V 109 10 11
.V 124 0 11
.V 132 11 12
.V 134 12 14
.V 143 14 16
.V 154 34 61
.V 154 16 34
.V 190 51 61
.H 76 10 109
.H 109 11 132
.H 132 12 134
.H 134 14 143
.H 143 16 154
.H 154 34 190
.H 190 51 191
.end
.begin 80
.V 184 0 4
.V 198 28 61
.V 214 28 30
.V 217 30 32
.V 223 32 61
.V 238 32 34
.V 244 35 61
.V 252 4 35
.H 184 4 253
.H 198 28 214
.H 214 30 217
.H 217 32 238
.H 238 34 252
.H 244 35 252
.end
.begin 81
.V 209 0 14
.V 247 42 61
.H 209 14 247
.H 247 42 248
.end
.begin 82
.V 7 22 61
.V 15 22 24
.V 19 24 26
.V 21 0 17
.V 21 17 26
.V 22 26 28
.V 24 28 30
.V 26 30 32
.V 27 32 34
.V 28 34 35
.V 85 0 35
.V 88 35 61
.V 99 0 5
.V 100 35 61
.V 102 35 36
.V 108 5 6
.V 109 0 6
.V 111 0 6
.V 112 6 7
.V 115 36 61
.V 125 6 7
.V 131 0 1
.V 131 1 36
.H 131 1 132
.H 99 5 108
.H 108 6 112
.H 125 6 131
.H 112 7 125
.H 7 22 15
.H 15 24 19
.H 19 26 22
.H 22 28 24
.H 24 30 26
.H 26 32 27
.H 27 34 28
.H 28 35 102
.H 102 36 131
.end
.begin 83
.V 232 0 12
.V 235 0 61
.V 236 0 39
.V 236 12 39
.V 238 50 61
.V 238 39 50
.V 239 0 61
.V 242 0 17
.V 242 17 50
.V 245 0 36
.V 246 0 61
.V 246 36 50
.V 248 57 61
.V 248 50 57
.V 249 24 61
.V 249 24 57
.V 250 50 61
.H 232 12 236
.H 245 36 246
.H 236 39 238
.H 238 50 248
.H 250 50 251
.H 248 57 250
.end
.begin 84
.V 65 0 1
.V 125 0 2
.V 125 1 2
.V 129 48 61
.V 158 48 61
.V 256 2 48
.H 65 1 125
.H 125 2 257
.H 129 48 256
.end
.begin 85
.V 15 38 61
.V 27 38 61
.V 32 0 5
.V 77 0 12
.V 79 11 12
.V 80 0 5
.V 95 0 5
.V 95 5 38
.H 32 5 96
.H 79 11 95
.H 77 12 79
.H 15 38 95
.end
.begin 86
.V 144 19 61
.V 169 0 7
.H 169 7 170
.H 144 19 169
.end
.begin 87
.V 166 0 1
.V 189 16 61
.V 204 16 17
.V 227 17 19
.V 230 19 20
.V 245 38 61
.V 257 1 38
.H 166 1 258
.H 189 16 204
.H 204 17 227
.H 227 19 230
.H 230 20 257
.H 245 38 257
.end
.begin 88
.V 140 36 61
.V 157 36 61
.V 170 53 61
.V 172 0 12
.V 180 12 53
.H 172 12 181
.H 140 36 180
.H 170 53 180
.end
.begin 89
.V 26 42 61
.V 39 41 42
.V 98 40 41
.V 129 39 40
.V 134 0 7
.H 134 7 135
.H 129 39 134
.H 98 40 129
.H 39 41 98
.H 26 42 39
.end
.begin 90
.V 67 50 61
.V 68 49 50
.V 82 48 49
.V 128 0 46
.H 128 46 129
.H 82 48 128
.H 68 49 82
.H 67 50 68
.end
.begin 91
.V 126 0 42
.V 192 59 61
.H 126 42 192
.H 192 59 193
.end
.begin 92
.V 242 58 61
.V 244 0 22
.H 244 22 245
.H 242 58 244
.end
.begin 93
.V 156 0 7
.V 157 0 7
.V 159 0 61
.V 161 60 61
.V 162 60 61
.V 163 60 61
.V 165 60 61
.V 166 24 61
.V 166 7 60
.H 156 7 167
.H 161 60 166
.end
.begin 94
.V 231 0 19
.V 253 9 61
.H 253 9 254
.H 231 19 253
.end
.begin 95
.V 4 40 61
.V 5 39 40
.V 6 38 39
.V 7 0 3
.H 7 3 8
.H 6 38 7
.H 5 39 6
.H 4 40 5
.end
.begin 96
.V 154 0 12
.V 155 35 61
.V 156 12 61
.V 156 12 35
.V 177 35 61
.V 178 59 61
.V 180 59 61
.V 185 0 35
.V 186 0 41
.V 186 35 59
.V 190 34 35
.V 191 0 12
.H 154 12 156
.H 191 12 192
.H 190 34 191
.H 155 35 190
.H 178 59 186
.end
.begin 97
.V 142 0 61
.V 185 51 61
.V 188 51 52
.V 221 0 10
.V 227 26 61
.V 228 0 41
.V 258 10 52
.H 221 10 259
.H 227 26 258
.H 228 41 258
.H 142 51 188
.H 188 52 258
.end
.begin 98
.V 201 0 41
.V 226 41 42
.V 237 36 61
.H 237 36 238
.H 201 41 226
.H 226 42 237
.end
.begin 99
.V 0 0 38
.V 1 52 61
.H 0 38 1
.H 1 52 2
.end
.begin 100
.V 16 57 61
.V 226 56 57
.V 241 0 35
.H 241 35 242
.H 226 56 241
.H 16 57 226
.end
