.begin 52
.V 95 0 8
.V 106 0 8
.V 108 0 8
.V 135 0 8
.V 142 0 8
.V 155 0 8
.V 156 8 9
.V 166 0 9
.H 95 8 156
.H 156 9 166
.end
.begin 37
.V 64 0 5
.V 73 0 5
.H 64 5 73
.end
.begin 33
.V 55 0 17
.V 80 0 17
.V 82 0 17
.H 55 17 82
.end
.begin 22
.V 22 0 13
.V 42 0 13
.V 44 0 13
.H 22 13 44
.end
.begin 18
.V 17 0 12
.V 25 0 12
.V 27 0 12
.H 17 12 27
.end
.begin 15
.V 7 0 12
.V 16 0 12
.H 7 12 16
.end
.begin 61
.V 126 0 5
.V 161 5 6
.V 169 6 7
.V 170 7 8
.V 171 17 35
.V 171 8 9
.V 172 9 17
.H 126 5 161
.H 161 6 169
.H 169 7 170
.H 170 8 171
.H 171 9 172
.H 171 17 172
.end
.begin 67
.V 137 0 13
.V 167 0 13
.V 169 17 35
.V 170 13 17
.H 137 13 170
.H 169 17 170
.end
.begin 70
.V 157 0 14
.V 168 20 35
.V 173 14 20
.H 157 14 173
.H 168 20 173
.end
.begin 57
.V 116 0 6
.V 156 6 7
.V 165 17 35
.V 168 7 17
.H 116 6 156
.H 156 7 168
.H 165 17 168
.end
.begin 72
.V 160 22 35
.V 162 22 35
.H 160 22 162
.end
.begin 71
.V 158 25 35
.V 164 0 15
.V 175 15 25
.H 164 15 175
.H 158 25 175
.end
.begin 64
.V 133 0 15
.V 142 15 16
.V 157 23 35
.V 159 16 23
.H 133 15 142
.H 142 16 159
.H 157 23 159
.end
.begin 69
.V 144 0 14
.V 150 30 35
.V 156 14 30
.H 144 14 156
.H 150 30 156
.end
.begin 44
.V 77 0 10
.V 131 10 11
.V 146 21 35
.V 148 21 35
.V 150 11 21
.H 77 10 131
.H 131 11 150
.H 146 21 150
.end
.begin 68
.V 138 0 9
.V 138 22 35
.V 140 22 35
.V 143 22 35
.V 150 0 9
.V 153 21 22
.V 155 9 21
.V 173 21 35
.H 138 9 155
.H 153 21 173
.H 138 22 153
.end
.begin 66
.V 137 20 35
.V 139 20 35
.H 137 20 139
.end
.begin 65
.V 135 23 35
.V 153 0 11
.V 155 22 23
.V 158 11 22
.H 153 11 158
.H 155 22 158
.H 135 23 155
.end
.begin 63
.V 133 22 35
.V 136 21 22
.V 139 0 4
.V 140 20 21
.V 146 4 20
.V 149 0 3
.V 151 3 4
.V 161 20 35
.V 161 0 4
.V 162 4 20
.V 163 20 35
.V 167 19 20
.V 172 19 35
.H 149 3 151
.H 139 4 146
.H 151 4 162
.H 167 19 172
.H 140 20 167
.H 136 21 140
.H 133 22 136
.end
.begin 56
.V 113 0 12
.V 121 12 13
.V 132 21 35
.V 135 13 21
.H 113 12 121
.H 121 13 135
.H 132 21 135
.end
.begin 59
.V 123 0 12
.V 128 26 35
.V 166 12 26
.H 123 12 166
.H 128 26 166
.end
.begin 62
.V 127 28 35
.V 144 27 28
.V 148 0 4
.V 149 4 27
.V 159 0 11
.V 166 27 35
.V 169 11 12
.V 171 12 13
.V 174 13 27
.H 148 4 149
.H 159 11 169
.H 169 12 171
.H 171 13 174
.H 144 27 174
.H 127 28 144
.end
.begin 60
.V 126 19 35
.V 142 19 35
.V 158 0 8
.V 161 8 19
.H 158 8 161
.H 126 19 161
.end
.begin 58
.V 119 25 35
.V 153 25 35
.V 155 25 35
.H 119 25 155
.end
.begin 53
.V 97 0 14
.V 118 23 35
.V 119 14 23
.H 97 14 119
.H 118 23 119
.end
.begin 45
.V 78 0 5
.V 90 5 6
.V 92 25 35
.V 112 6 25
.H 78 5 90
.H 90 6 112
.H 92 25 112
.end
.begin 47
.V 86 33 35
.V 93 0 7
.V 100 0 7
.V 112 32 33
.V 113 32 35
.V 115 32 35
.V 117 31 32
.V 136 30 31
.V 141 29 30
.V 151 7 29
.H 93 7 151
.H 141 29 151
.H 136 30 141
.H 117 31 136
.H 112 32 117
.H 86 33 112
.end
.begin 36
.V 63 0 6
.V 75 6 7
.V 84 25 35
.V 87 0 7
.V 91 7 25
.H 63 6 75
.H 75 7 91
.H 84 25 91
.end
.begin 46
.V 83 17 35
.V 85 17 35
.V 92 0 17
.V 145 17 35
.V 147 0 17
.V 147 28 35
.V 164 17 28
.H 83 17 164
.H 147 28 164
.end
.begin 39
.V 65 0 3
.V 67 0 3
.V 76 3 4
.V 82 23 35
.V 91 0 4
.V 98 23 35
.V 100 23 35
.V 101 0 4
.V 114 4 23
.H 65 3 76
.H 76 4 114
.H 82 23 114
.end
.begin 43
.V 77 25 35
.V 81 25 35
.H 77 25 81
.end
.begin 34
.V 61 0 14
.V 76 30 35
.V 96 14 30
.H 61 14 96
.H 76 30 96
.end
.begin 42
.V 73 24 35
.V 114 24 35
.V 116 24 35
.H 73 24 116
.end
.begin 41
.V 72 23 35
.V 74 0 9
.V 81 9 23
.H 74 9 81
.H 72 23 81
.end
.begin 35
.V 62 0 7
.V 68 0 7
.V 71 18 35
.V 73 7 18
.V 86 0 18
.H 62 7 73
.H 71 18 86
.end
.begin 40
.V 69 19 35
.V 97 19 35
.V 99 19 35
.H 69 19 99
.end
.begin 38
.V 65 18 35
.V 69 0 18
.H 65 18 69
.end
.begin 29
.V 40 0 9
.V 58 25 35
.V 68 9 10
.V 76 10 25
.H 40 9 68
.H 68 10 76
.H 58 25 76
.end
.begin 32
.V 51 17 35
.V 53 0 17
.H 51 17 53
.end
.begin 31
.V 46 29 35
.V 50 28 29
.V 66 0 2
.V 70 0 2
.V 80 28 35
.V 81 0 2
.V 83 0 2
.V 84 2 3
.V 88 28 35
.V 90 0 3
.V 115 3 28
.H 66 2 84
.H 84 3 115
.H 50 28 115
.H 46 29 50
.end
.begin 30
.V 43 22 35
.V 59 0 15
.V 61 15 22
.V 64 19 35
.V 66 15 19
.V 72 0 15
.V 78 32 35
.V 103 32 35
.V 107 15 32
.V 111 0 15
.V 124 27 35
.V 128 0 15
.V 132 15 16
.V 141 16 27
.H 59 15 132
.H 132 16 141
.H 64 19 66
.H 43 22 61
.H 124 27 141
.H 78 32 107
.end
.begin 28
.V 38 26 35
.V 53 25 26
.V 57 24 25
.V 66 24 35
.H 57 24 66
.H 53 25 57
.H 38 26 53
.end
.begin 27
.V 37 21 35
.V 44 21 35
.V 60 0 10
.V 67 10 21
.V 70 21 35
.V 85 0 8
.V 94 8 21
.H 85 8 94
.H 60 10 67
.H 37 21 94
.end
.begin 23
.V 23 28 35
.V 36 0 9
.V 38 9 10
.V 46 10 28
.V 52 27 35
.V 54 0 10
.V 56 10 11
.V 59 27 35
.V 91 27 35
.V 109 0 11
.V 117 26 27
.V 127 11 26
.H 36 9 38
.H 38 10 56
.H 56 11 127
.H 117 26 127
.H 52 27 117
.H 23 28 46
.end
.begin 21
.V 22 20 35
.V 23 0 10
.V 32 10 20
.H 23 10 32
.H 22 20 32
.end
.begin 20
.V 21 30 35
.V 38 0 7
.V 41 7 8
.V 50 30 35
.V 53 29 30
.V 57 29 35
.V 78 8 29
.V 83 8 9
.V 93 34 35
.V 96 0 9
.V 105 0 9
.V 106 9 34
.V 107 0 9
.V 134 0 9
.V 135 9 10
.V 143 0 10
.V 154 0 10
.V 165 0 10
.H 38 7 41
.H 41 8 83
.H 83 9 135
.H 135 10 165
.H 53 29 78
.H 21 30 53
.H 93 34 106
.end
.begin 24
.V 24 32 35
.V 35 0 12
.V 47 12 13
.V 53 32 35
.V 54 13 32
.V 60 31 35
.V 90 31 35
.V 98 0 13
.V 101 13 31
.V 103 0 13
.V 120 13 14
.V 132 0 14
.V 141 0 14
.V 143 14 15
.V 145 0 15
.V 152 0 15
.V 163 0 15
.H 35 12 47
.H 47 13 120
.H 120 14 143
.H 143 15 163
.H 60 31 101
.H 24 32 54
.end
.begin 48
.V 87 18 35
.V 88 0 18
.H 87 18 88
.end
.begin 1
.V 20 26 35
.V 26 25 26
.V 39 0 11
.V 47 25 35
.V 49 25 35
.V 52 11 25
.V 54 11 12
.V 56 26 35
.V 90 12 26
.V 94 26 35
.V 102 12 26
.H 39 11 54
.H 54 12 102
.H 26 25 52
.H 20 26 26
.H 56 26 90
.H 94 26 102
.end
.begin 19
.V 19 25 35
.V 24 24 25
.V 26 23 24
.V 56 0 6
.V 57 6 23
.V 66 22 23
.V 67 22 35
.V 75 0 5
.V 75 22 35
.V 76 5 6
.V 84 6 22
.V 110 22 35
.V 118 0 4
.V 119 4 5
.V 121 0 5
.V 121 22 35
.V 124 5 22
.H 118 4 119
.H 75 5 76
.H 119 5 124
.H 56 6 57
.H 76 6 84
.H 66 22 124
.H 26 23 66
.H 24 24 26
.H 19 25 24
.end
.begin 12
.V 5 0 14
.V 9 0 14
.V 17 29 35
.V 25 14 29
.H 5 14 25
.H 17 29 25
.end
.begin 54
.V 105 26 35
.V 113 25 26
.V 117 24 25
.V 129 24 35
.V 131 24 35
.V 160 0 16
.V 167 24 35
.V 176 16 24
.H 160 16 176
.H 117 24 176
.H 113 25 117
.H 105 26 113
.end
.begin 7
.V 2 0 16
.V 8 0 16
.V 11 0 16
.V 16 26 35
.V 17 16 26
.H 2 16 17
.H 16 26 17
.end
.begin 14
.V 6 0 13
.V 10 0 13
.V 14 28 35
.V 15 28 35
.V 18 0 13
.V 21 13 28
.H 6 13 21
.H 14 28 21
.end
.begin 17
.V 11 26 35
.V 15 25 26
.V 18 25 35
.H 15 25 18
.H 11 26 15
.end
.begin 5
.V 1 0 17
.V 4 0 17
.V 10 17 35
.V 13 17 35
.V 45 27 35
.V 48 17 35
.V 50 17 27
.H 1 17 50
.H 45 27 50
.end
.begin 16
.V 9 27 35
.V 26 0 14
.V 26 27 35
.V 28 0 14
.V 31 14 27
.V 42 24 35
.V 47 14 24
.H 26 14 47
.H 42 24 47
.H 9 27 31
.end
.begin 9
.V 3 0 15
.V 8 26 35
.V 9 15 26
.V 41 22 35
.V 42 15 22
.V 48 0 15
.V 50 0 15
.V 55 24 35
.V 56 15 24
.H 3 15 56
.H 41 22 42
.H 55 24 56
.H 8 26 9
.end
.begin 26
.V 32 0 9
.V 32 26 35
.V 34 26 35
.V 34 9 10
.V 36 10 26
.H 32 9 34
.H 34 10 36
.H 32 26 36
.end
.begin 50
.V 94 0 5
.V 104 20 35
.V 112 0 5
.V 118 5 20
.V 123 20 35
.V 127 0 4
.V 136 4 20
.H 127 4 136
.H 94 5 118
.H 104 20 136
.end
.begin 3
.V 0 0 18
.V 7 18 35
.V 28 18 35
.V 40 18 35
.V 43 0 18
.V 45 0 18
.V 62 18 35
.H 0 18 62
.end
.begin 11
.V 5 24 35
.V 12 24 35
.V 21 0 11
.V 23 11 24
.V 29 22 35
.V 33 0 11
.V 33 22 35
.V 34 11 22
.V 35 22 35
.V 39 22 35
.H 21 11 34
.H 29 22 39
.H 5 24 23
.end
.begin 10
.V 4 22 35
.V 27 22 35
.H 4 22 27
.end
.begin 55
.V 108 21 35
.V 130 21 35
.V 130 0 18
.V 131 18 21
.V 134 18 35
.V 140 0 18
.V 152 18 35
.V 154 18 35
.V 170 18 35
.H 130 18 170
.H 108 21 131
.end
.begin 8
.V 3 23 35
.V 14 0 9
.V 15 9 23
.V 19 0 16
.V 24 16 23
.V 30 0 16
.V 58 0 16
.V 63 18 35
.V 64 16 18
.V 71 0 16
.V 79 29 35
.V 93 16 29
.V 102 29 35
.V 103 16 29
.V 110 0 16
.V 125 22 35
.V 128 16 22
.V 129 0 16
.H 14 9 15
.H 19 16 129
.H 63 18 64
.H 125 22 128
.H 3 23 24
.H 79 29 93
.H 102 29 103
.end
.begin 6
.V 2 21 35
.V 15 0 7
.V 20 0 7
.V 24 7 8
.V 29 8 21
.V 31 0 12
.V 33 12 21
.V 35 20 21
.V 57 0 4
.V 68 20 35
.V 70 4 20
.V 74 20 35
.V 76 0 1
.V 79 1 20
.V 100 19 20
.V 111 19 35
.V 119 0 2
.V 120 0 2
.V 120 19 35
.V 124 2 3
.V 125 3 19
.H 76 1 79
.H 119 2 124
.H 124 3 125
.H 57 4 70
.H 15 7 24
.H 24 8 29
.H 31 12 33
.H 100 19 125
.H 35 20 100
.H 2 21 35
.end
.begin 51
.V 95 21 35
.V 104 0 12
.V 105 12 21
.H 104 12 105
.H 95 21 105
.end
.begin 4
.V 1 20 35
.V 12 0 11
.V 20 11 20
.H 12 11 20
.H 1 20 20
.end
.begin 13
.V 6 25 35
.V 13 0 10
.V 14 10 25
.H 13 10 14
.H 6 25 14
.end
.begin 25
.V 30 24 35
.V 37 0 11
.V 38 11 24
.H 37 11 38
.H 30 24 38
.end
.begin 49
.V 89 0 18
.V 109 18 35
.V 117 0 18
.V 122 0 18
.V 122 23 35
.V 129 18 23
.H 89 18 129
.H 122 23 129
.end
.begin 2
.V 0 19 35
.V 49 0 14
.V 51 0 14
.V 60 14 19
.H 49 14 60
.H 0 19 60
.end
