.begin 1
.H 20 21 94
.V 20 21 33
.V 39 0 21
.V 47 21 33
.V 49 21 33
.V 56 21 33
.V 94 21 33
.end
.begin 2
.H 49 1 156
.H 0 32 156
.V 0 32 33
.V 49 0 1
.V 51 0 1
.V 156 1 32
.V 156 31 32
.end
.begin 3
.H 0 1 46
.H 7 25 62
.V 0 0 1
.V 7 25 33
.V 28 25 33
.V 40 25 33
.V 43 0 1
.V 45 0 1
.V 46 1 25
.V 62 25 33
.end
.begin 4
.H 12 6 89
.H 1 31 89
.V 1 31 33
.V 12 0 6
.V 89 6 31
.end
.begin 5
.H 1 2 51
.H 10 23 51
.V 1 0 2
.V 4 0 2
.V 10 23 33
.V 13 23 33
.V 45 23 33
.V 48 23 33
.V 51 2 23
.end
.begin 6
.H 15 11 76
.H 74 20 120
.H 2 30 31
.V 2 30 33
.V 15 0 11
.V 20 0 11
.V 31 0 11
.V 31 11 30
.V 57 0 11
.V 68 11 33
.V 74 20 33
.V 76 0 17
.V 76 11 20
.V 111 20 33
.V 119 0 20
.V 120 0 33
.end
.begin 7
.H 2 3 43
.H 16 20 43
.V 2 0 3
.V 8 0 3
.V 11 0 3
.V 16 20 33
.V 43 3 20
.end
.begin 8
.H 30 7 137
.H 14 10 25
.H 110 14 137
.H 3 29 137
.V 3 29 33
.V 14 0 10
.V 19 0 10
.V 25 10 29
.V 30 0 7
.V 58 0 7
.V 63 29 33
.V 71 0 7
.V 79 29 33
.V 102 29 33
.V 110 0 14
.V 125 29 33
.V 129 0 7
.V 137 7 29
.end
.begin 9
.H 3 4 55
.V 3 0 4
.V 8 4 33
.V 41 4 33
.V 48 0 4
.V 50 0 4
.V 55 4 33
.end
.begin 10
.H 4 28 27
.V 4 28 33
.V 27 28 33
.end
.begin 11
.H 21 8 27
.H 5 27 39
.V 5 27 33
.V 12 27 33
.V 21 0 8
.V 27 8 27
.V 29 27 33
.V 33 0 33
.V 35 27 33
.V 39 27 33
.end
.begin 12
.H 5 5 45
.H 17 19 45
.V 5 0 5
.V 9 0 5
.V 17 19 33
.V 45 5 19
.end
.begin 13
.H 13 9 30
.H 6 26 30
.V 6 26 33
.V 13 0 9
.V 30 9 26
.V 30 9 10
.end
.begin 14
.H 6 6 10
.H 10 8 18
.H 14 21 18
.V 6 0 6
.V 10 0 8
.V 10 6 8
.V 14 21 33
.V 15 21 33
.V 18 0 8
.V 18 8 21
.end
.begin 15
.H 7 7 16
.V 7 0 7
.V 16 0 12
.V 16 7 12
.end
.begin 16
.H 9 24 42
.V 9 24 33
.V 26 0 33
.V 28 0 24
.V 42 24 33
.end
.begin 17
.H 11 22 18
.V 11 22 33
.V 18 22 33
.end
.begin 18
.H 17 7 27
.V 17 0 7
.V 25 0 7
.V 27 0 7
.end
.begin 19
.H 56 4 114
.H 118 4 121
.H 19 22 75
.H 110 22 121
.V 19 22 33
.V 56 0 4
.V 67 22 33
.V 75 0 33
.V 75 4 22
.V 110 22 33
.V 114 4 22
.V 118 0 4
.V 121 0 33
.V 121 4 22
.end
.begin 20
.H 165 2 172
.H 21 18 50
.H 50 19 163
.H 163 20 172
.V 21 18 33
.V 38 0 18
.V 50 18 33
.V 50 18 19
.V 57 19 33
.V 93 19 33
.V 96 0 19
.V 105 0 19
.V 107 0 19
.V 134 0 19
.V 143 0 19
.V 154 0 19
.V 163 19 20
.V 165 0 2
.V 172 2 20
.end
.begin 21
.H 23 13 29
.H 22 17 29
.V 22 17 33
.V 23 0 13
.V 29 13 17
.end
.begin 22
.H 22 12 44
.V 22 0 12
.V 42 0 12
.V 44 0 12
.end
.begin 23
.H 23 16 47
.H 57 16 109
.H 47 17 57
.V 23 16 33
.V 36 0 16
.V 47 16 17
.V 52 17 33
.V 54 0 17
.V 57 16 17
.V 59 16 33
.V 91 16 33
.V 109 0 14
.V 109 14 16
.end
.begin 24
.H 103 2 163
.H 53 13 132
.H 44 14 53
.H 24 15 44
.V 24 15 33
.V 35 0 15
.V 44 14 15
.V 53 14 33
.V 53 13 14
.V 60 13 33
.V 90 13 33
.V 98 0 13
.V 103 0 2
.V 132 0 2
.V 132 2 13
.V 141 0 2
.V 145 0 2
.V 152 0 2
.V 163 0 2
.end
.begin 25
.H 30 28 37
.V 30 28 33
.V 37 0 28
.end
.begin 26
.H 32 8 34
.V 32 0 33
.V 34 8 33
.end
.begin 27
.H 60 8 136
.H 37 30 136
.V 37 30 33
.V 44 30 33
.V 60 0 8
.V 70 30 33
.V 85 0 8
.V 136 8 30
.end
.begin 28
.H 38 28 66
.V 38 28 33
.V 66 28 33
.end
.begin 29
.H 40 8 58
.V 40 0 8
.V 58 8 33
.end
.begin 30
.H 59 5 128
.H 43 26 80
.V 43 27 33
.V 43 26 27
.V 59 0 5
.V 64 26 33
.V 72 0 5
.V 78 26 33
.V 80 5 26
.V 103 5 33
.V 111 0 5
.V 124 5 33
.V 128 0 10
.V 128 5 10
.end
.begin 31
.H 81 2 99
.H 46 27 99
.V 46 27 33
.V 66 0 27
.V 70 0 27
.V 80 27 33
.V 81 0 2
.V 83 0 2
.V 88 27 33
.V 90 0 2
.V 99 2 27
.end
.begin 32
.H 53 2 79
.H 51 24 79
.V 51 24 33
.V 53 0 2
.V 79 2 24
.end
.begin 33
.H 55 3 82
.V 55 0 3
.V 80 0 3
.V 82 0 3
.end
.begin 34
.H 61 9 85
.H 76 22 85
.V 61 0 9
.V 76 22 33
.V 85 9 22
.end
.begin 35
.H 62 10 86
.V 62 0 10
.V 68 0 10
.V 71 10 33
.V 86 0 10
.end
.begin 36
.H 63 12 87
.V 63 0 12
.V 84 12 33
.V 87 0 12
.end
.begin 37
.H 64 14 73
.V 64 0 14
.V 73 0 14
.end
.begin 38
.H 65 25 69
.V 65 25 33
.V 69 0 25
.end
.begin 39
.H 92 14 101
.H 65 15 92
.V 65 0 15
.V 67 0 15
.V 82 15 33
.V 91 0 15
.V 92 14 15
.V 98 14 33
.V 100 14 33
.V 101 0 14
.end
.begin 40
.H 69 28 99
.V 69 28 33
.V 97 28 33
.V 99 28 33
.end
.begin 41
.H 74 14 83
.H 72 25 83
.V 72 25 33
.V 74 0 14
.V 83 14 25
.end
.begin 42
.H 73 23 116
.V 73 23 33
.V 114 23 33
.V 116 23 33
.end
.begin 43
.H 77 18 81
.V 77 18 33
.V 81 18 33
.end
.begin 44
.H 77 11 148
.V 77 0 11
.V 146 11 33
.V 148 11 33
.end
.begin 45
.H 78 17 92
.V 78 0 17
.V 92 17 33
.end
.begin 46
.H 92 6 125
.H 83 26 147
.V 83 26 33
.V 85 26 33
.V 92 0 6
.V 125 6 26
.V 145 26 33
.V 147 0 33
.end
.begin 47
.H 93 9 102
.H 86 25 115
.V 86 25 33
.V 93 0 9
.V 100 0 9
.V 102 9 25
.V 113 25 33
.V 115 25 33
.end
.begin 48
.H 87 24 88
.V 87 24 33
.V 88 0 24
.end
.begin 49
.H 89 3 115
.H 119 23 122
.H 109 24 119
.V 89 0 3
.V 109 24 33
.V 115 3 24
.V 117 0 24
.V 119 23 24
.V 122 0 33
.end
.begin 50
.H 94 10 127
.V 94 0 10
.V 104 10 33
.V 112 0 10
.V 123 10 33
.V 127 0 10
.end
.begin 51
.H 104 9 141
.H 95 31 141
.V 95 31 33
.V 104 0 9
.V 141 9 31
.end
.begin 52
.H 166 3 170
.H 163 11 170
.H 95 12 163
.V 95 0 12
.V 106 0 12
.V 108 0 12
.V 135 0 12
.V 142 0 12
.V 155 0 12
.V 163 11 12
.V 166 0 3
.V 170 3 11
.end
.begin 53
.H 97 15 118
.V 97 0 15
.V 118 15 33
.end
.begin 54
.H 105 28 162
.H 162 29 167
.V 105 28 33
.V 129 28 33
.V 131 28 33
.V 160 0 28
.V 162 28 29
.V 167 29 33
.end
.begin 55
.H 162 26 170
.H 108 27 162
.V 108 27 33
.V 130 0 33
.V 134 27 33
.V 140 0 8
.V 140 8 27
.V 152 27 33
.V 154 27 33
.V 162 26 27
.V 170 26 33
.end
.begin 56
.H 113 16 132
.V 113 0 16
.V 132 16 33
.end
.begin 57
.H 116 3 165
.V 116 0 3
.V 165 3 33
.end
.begin 58
.H 119 25 155
.V 119 25 33
.V 153 25 33
.V 155 25 33
.end
.begin 59
.H 123 4 131
.H 128 22 131
.V 123 0 4
.V 128 22 33
.V 131 4 22
.end
.begin 60
.H 126 24 158
.V 126 24 33
.V 142 24 33
.V 158 0 24
.end
.begin 61
.H 126 6 171
.V 126 0 6
.V 171 6 33
.end
.begin 62
.H 148 9 166
.H 127 23 152
.V 127 23 33
.V 148 0 9
.V 152 9 23
.V 159 0 9
.V 166 9 33
.end
.begin 63
.H 133 22 172
.V 133 22 33
.V 139 0 22
.V 149 0 22
.V 161 0 33
.V 163 22 33
.V 172 22 33
.end
.begin 64
.H 133 4 157
.V 133 0 4
.V 157 4 33
.end
.begin 65
.H 142 20 153
.H 135 21 142
.V 135 21 33
.V 142 20 21
.V 153 0 20
.end
.begin 66
.H 137 30 139
.V 137 30 33
.V 139 30 33
.end
.begin 67
.H 137 5 169
.V 137 0 5
.V 167 0 5
.V 169 5 33
.end
.begin 68
.H 138 7 173
.H 140 30 151
.V 138 0 33
.V 140 30 33
.V 143 30 33
.V 150 0 7
.V 151 7 30
.V 173 7 33
.end
.begin 69
.H 144 8 150
.V 144 0 8
.V 150 8 33
.end
.begin 70
.H 157 1 168
.V 157 0 1
.V 168 1 33
.end
.begin 71
.H 158 32 164
.V 158 32 33
.V 164 0 32
.end
.begin 72
.H 160 31 162
.V 160 31 33
.V 162 31 33
.end
