.begin 1
.H 20 21 39
.H 39 22 42
.H 42 23 44
.H 44 24 49
.H 49 25 94
.V 20 21 30
.V 39 0 21
.V 39 21 22
.V 42 22 23
.V 44 23 24
.V 47 24 30
.V 49 24 30
.V 49 24 25
.V 56 25 30
.V 94 25 30
.end
.begin 2
.H 14 16 51
.H 13 17 14
.H 12 18 13
.H 11 19 12
.H 10 20 11
.H 9 21 10
.H 6 22 9
.H 5 23 6
.H 4 24 5
.H 3 25 4
.H 2 26 3
.H 1 27 2
.H 0 28 1
.V 0 29 30
.V 0 28 29
.V 1 27 28
.V 2 26 27
.V 3 25 26
.V 4 24 25
.V 5 23 24
.V 6 22 23
.V 9 21 22
.V 10 20 21
.V 11 19 20
.V 12 18 19
.V 13 17 18
.V 14 16 17
.V 49 0 16
.V 51 0 16
.end
.begin 3
.H 0 2 1
.H 1 3 2
.H 2 4 3
.H 3 5 4
.H 4 6 5
.H 5 7 6
.H 6 8 7
.H 7 9 9
.H 9 10 10
.H 10 11 11
.H 11 12 12
.H 12 13 13
.H 13 14 14
.H 14 15 54
.H 54 16 57
.H 57 17 62
.V 0 0 1
.V 0 1 2
.V 1 2 3
.V 2 3 4
.V 3 4 5
.V 4 5 6
.V 5 6 7
.V 6 7 8
.V 7 8 30
.V 7 8 9
.V 9 9 10
.V 10 10 11
.V 11 11 12
.V 12 12 13
.V 13 13 14
.V 14 14 15
.V 28 15 30
.V 40 15 30
.V 43 0 15
.V 45 0 15
.V 54 15 16
.V 57 16 17
.V 62 17 30
.end
.begin 4
.H 12 6 25
.H 1 29 25
.V 1 29 30
.V 12 0 6
.V 25 6 29
.end
.begin 5
.H 1 1 29
.H 10 22 38
.H 38 23 39
.H 39 24 43
.H 43 25 48
.V 1 0 1
.V 4 0 1
.V 10 22 30
.V 13 22 30
.V 29 1 22
.V 38 22 23
.V 39 23 24
.V 43 24 25
.V 45 25 30
.V 48 25 30
.end
.begin 6
.H 41 7 57
.H 31 8 41
.H 57 8 59
.H 15 9 31
.H 59 9 60
.H 76 9 80
.H 60 10 61
.H 61 11 62
.H 62 12 63
.H 63 13 64
.H 64 14 65
.H 65 15 101
.H 101 16 110
.H 110 17 120
.H 2 28 31
.V 2 28 30
.V 15 0 9
.V 20 0 9
.V 31 0 9
.V 31 9 28
.V 31 8 9
.V 41 7 8
.V 57 0 7
.V 57 7 8
.V 59 8 9
.V 60 9 10
.V 61 10 11
.V 62 11 12
.V 63 12 13
.V 64 13 14
.V 65 14 15
.V 68 15 30
.V 74 15 30
.V 76 0 9
.V 80 9 15
.V 101 15 16
.V 110 16 17
.V 111 17 30
.V 119 0 17
.V 120 0 30
.end
.begin 7
.H 2 2 47
.H 16 19 47
.V 2 0 2
.V 8 0 2
.V 11 0 2
.V 16 19 30
.V 47 2 19
.end
.begin 8
.H 58 4 71
.H 40 6 124
.H 30 7 40
.H 14 8 30
.H 63 24 129
.H 3 27 30
.V 3 27 30
.V 14 0 8
.V 19 0 8
.V 30 0 8
.V 30 8 27
.V 30 7 8
.V 40 6 7
.V 58 0 4
.V 63 24 30
.V 71 0 4
.V 71 4 6
.V 79 24 30
.V 102 24 30
.V 110 0 6
.V 124 6 24
.V 125 24 30
.V 129 0 24
.end
.begin 9
.H 3 3 4
.H 4 4 5
.H 5 5 6
.H 6 6 7
.H 7 7 8
.H 8 8 10
.H 10 9 11
.H 11 10 12
.H 12 11 13
.H 13 12 14
.H 14 13 15
.H 15 14 55
.V 3 0 3
.V 4 3 4
.V 5 4 5
.V 6 5 6
.V 7 6 7
.V 8 7 30
.V 8 7 8
.V 10 8 9
.V 11 9 10
.V 12 10 11
.V 13 11 12
.V 14 12 13
.V 15 13 14
.V 41 14 30
.V 48 0 14
.V 50 0 14
.V 55 14 30
.end
.begin 10
.H 4 26 27
.V 4 26 30
.V 27 26 30
.end
.begin 11
.H 21 4 33
.H 5 25 33
.H 33 26 35
.H 35 27 36
.H 36 28 39
.V 5 25 30
.V 12 25 30
.V 21 0 4
.V 29 25 30
.V 33 0 30
.V 33 4 25
.V 33 25 26
.V 35 26 30
.V 35 26 27
.V 36 27 28
.V 39 28 30
.end
.begin 12
.H 5 3 46
.H 17 18 46
.V 5 0 3
.V 9 0 3
.V 17 18 30
.V 46 3 18
.end
.begin 13
.H 13 7 27
.H 6 24 27
.V 6 24 30
.V 13 0 7
.V 27 7 24
.end
.begin 14
.H 6 4 18
.H 14 20 18
.V 6 0 4
.V 10 0 4
.V 14 20 30
.V 15 20 30
.V 18 0 4
.V 18 4 20
.end
.begin 15
.H 7 5 16
.V 7 0 5
.V 16 0 10
.V 16 5 10
.end
.begin 16
.H 28 5 37
.H 9 23 37
.H 37 24 38
.H 38 25 42
.V 9 23 30
.V 26 0 30
.V 28 0 5
.V 37 5 23
.V 37 23 24
.V 38 24 25
.V 42 25 30
.end
.begin 17
.H 11 21 18
.V 11 21 30
.V 18 21 30
.end
.begin 18
.H 17 5 27
.V 17 0 5
.V 25 0 5
.V 27 0 5
.end
.begin 19
.H 118 7 121
.H 48 19 105
.H 116 19 121
.H 19 20 48
.H 105 20 116
.V 19 21 30
.V 19 20 21
.V 48 19 20
.V 56 0 19
.V 67 19 30
.V 75 0 30
.V 105 19 20
.V 110 20 30
.V 116 19 20
.V 118 0 7
.V 121 0 30
.V 121 7 19
.end
.begin 20
.H 165 1 170
.H 163 14 170
.H 159 15 163
.H 155 16 159
.H 21 17 48
.H 154 17 155
.H 48 18 154
.V 21 17 30
.V 38 0 17
.V 48 17 18
.V 50 18 30
.V 57 18 30
.V 93 18 30
.V 96 0 18
.V 105 0 18
.V 107 0 18
.V 134 0 18
.V 143 0 18
.V 154 0 18
.V 154 17 18
.V 155 16 17
.V 159 15 16
.V 163 14 15
.V 165 0 1
.V 170 1 14
.end
.begin 21
.H 22 12 23
.V 22 13 30
.V 22 12 13
.V 23 0 12
.end
.begin 22
.H 42 8 44
.H 40 9 42
.H 22 10 40
.V 22 0 10
.V 40 9 10
.V 42 0 9
.V 42 8 9
.V 44 0 8
.end
.begin 23
.H 28 12 36
.H 23 13 28
.H 36 13 57
.H 57 14 59
.H 59 15 61
.H 61 16 63
.H 63 17 109
.V 23 13 30
.V 28 12 13
.V 36 0 12
.V 36 12 13
.V 52 13 30
.V 54 0 13
.V 57 13 14
.V 59 14 30
.V 59 14 15
.V 61 15 16
.V 63 16 17
.V 91 17 30
.V 109 0 12
.V 109 12 17
.end
.begin 24
.H 125 8 163
.H 123 9 125
.H 98 10 123
.H 24 11 40
.H 40 12 59
.H 59 13 60
.H 60 14 62
.H 62 15 64
.H 64 16 99
.V 24 12 30
.V 24 11 12
.V 35 0 11
.V 40 11 12
.V 53 12 30
.V 59 12 13
.V 60 13 30
.V 60 13 14
.V 62 14 15
.V 64 15 16
.V 90 16 30
.V 98 0 10
.V 99 10 16
.V 103 0 10
.V 123 9 10
.V 125 8 9
.V 132 0 8
.V 141 0 8
.V 145 0 8
.V 152 0 8
.V 163 0 8
.end
.begin 25
.H 37 1 156
.H 30 29 156
.V 30 29 30
.V 37 0 1
.V 156 1 29
.end
.begin 26
.H 32 1 34
.V 32 0 30
.V 34 1 30
.end
.begin 27
.H 60 7 89
.H 37 27 89
.V 37 27 30
.V 44 27 30
.V 60 0 7
.V 70 27 30
.V 85 0 7
.V 89 7 27
.end
.begin 28
.H 38 26 66
.V 38 26 30
.V 66 26 30
.end
.begin 29
.H 40 5 58
.V 40 0 4
.V 40 4 5
.V 58 5 30
.end
.begin 30
.H 59 5 128
.H 128 9 151
.H 43 28 151
.V 43 28 30
.V 59 0 5
.V 64 28 30
.V 72 0 5
.V 78 28 30
.V 103 28 30
.V 111 0 5
.V 124 28 30
.V 128 0 9
.V 128 5 9
.V 151 9 28
.end
.begin 31
.H 81 3 102
.H 49 20 70
.H 47 21 49
.H 70 21 102
.H 46 22 47
.V 46 23 30
.V 46 22 23
.V 47 21 22
.V 49 20 21
.V 66 0 20
.V 70 0 20
.V 70 20 21
.V 80 21 30
.V 81 0 3
.V 83 0 3
.V 88 21 30
.V 90 0 3
.V 102 3 21
.end
.begin 32
.H 53 2 79
.H 51 23 79
.V 51 24 30
.V 51 23 24
.V 53 0 2
.V 79 2 23
.end
.begin 33
.H 80 2 82
.H 55 3 80
.V 55 0 3
.V 80 0 3
.V 80 2 3
.V 82 0 2
.end
.begin 34
.H 61 9 62
.H 62 10 63
.H 63 11 64
.H 64 12 65
.H 65 13 67
.H 67 14 76
.V 61 0 8
.V 61 8 9
.V 62 9 10
.V 63 10 11
.V 64 11 12
.V 65 12 13
.V 67 13 14
.V 76 14 30
.end
.begin 35
.H 62 8 86
.V 62 0 8
.V 68 0 8
.V 71 8 30
.V 86 0 8
.end
.begin 36
.H 63 9 74
.H 74 10 76
.H 76 11 77
.H 77 12 87
.V 63 0 9
.V 74 9 10
.V 76 10 11
.V 77 11 12
.V 84 12 30
.V 87 0 12
.end
.begin 37
.H 64 10 73
.V 64 0 10
.V 73 0 10
.end
.begin 38
.H 65 21 69
.V 65 22 30
.V 65 21 22
.V 69 0 21
.end
.begin 39
.H 65 11 67
.H 67 12 68
.H 68 13 91
.H 91 14 101
.V 65 0 11
.V 67 0 11
.V 67 11 12
.V 68 12 13
.V 82 13 30
.V 91 0 13
.V 91 13 14
.V 98 14 30
.V 100 14 30
.V 101 0 14
.end
.begin 40
.H 69 26 99
.V 69 26 30
.V 97 26 30
.V 99 26 30
.end
.begin 41
.H 74 4 83
.H 72 22 83
.V 72 22 30
.V 74 0 4
.V 83 4 22
.end
.begin 42
.H 73 20 103
.H 103 21 116
.V 73 20 30
.V 103 20 21
.V 114 21 30
.V 116 21 30
.end
.begin 43
.H 77 14 81
.V 77 14 30
.V 81 14 30
.end
.begin 44
.H 77 10 92
.H 92 11 93
.H 93 12 94
.H 94 13 103
.H 103 14 106
.H 106 15 111
.H 111 16 125
.H 125 17 148
.V 77 0 10
.V 92 10 11
.V 93 11 12
.V 94 12 13
.V 103 13 14
.V 106 14 15
.V 111 15 16
.V 125 16 17
.V 146 17 30
.V 148 17 30
.end
.begin 45
.H 78 11 90
.H 90 12 92
.V 78 0 11
.V 90 11 12
.V 92 12 30
.end
.begin 46
.H 92 4 115
.H 85 22 147
.H 83 23 85
.V 83 23 30
.V 85 23 30
.V 85 22 23
.V 92 0 4
.V 115 4 22
.V 145 22 30
.V 147 0 30
.end
.begin 47
.H 93 7 117
.H 86 23 117
.V 86 23 30
.V 93 0 7
.V 100 0 7
.V 113 23 30
.V 115 23 30
.V 117 7 23
.end
.begin 48
.H 87 14 88
.V 87 14 30
.V 88 0 14
.end
.begin 49
.H 89 2 122
.H 109 19 114
.V 89 0 2
.V 109 19 30
.V 114 2 19
.V 117 0 2
.V 122 0 30
.end
.begin 50
.H 94 9 95
.H 95 10 97
.H 97 11 98
.H 104 11 112
.H 98 12 104
.H 112 12 113
.H 113 13 116
.H 116 14 127
.V 94 0 8
.V 94 8 9
.V 95 9 10
.V 97 10 11
.V 98 11 12
.V 104 12 30
.V 104 11 12
.V 112 0 11
.V 112 11 12
.V 113 12 13
.V 116 13 14
.V 123 14 30
.V 127 0 14
.end
.begin 51
.H 104 3 136
.H 103 25 136
.H 101 26 103
.H 95 27 101
.V 95 27 30
.V 101 26 27
.V 103 25 26
.V 104 0 3
.V 136 3 25
.end
.begin 52
.H 125 6 166
.H 123 7 125
.H 95 8 123
.V 95 0 8
.V 106 0 8
.V 108 0 8
.V 123 7 8
.V 125 6 7
.V 135 0 6
.V 142 0 6
.V 155 0 6
.V 166 0 6
.end
.begin 53
.H 97 9 118
.V 97 0 9
.V 118 9 30
.end
.begin 54
.H 105 27 167
.V 105 27 30
.V 129 27 30
.V 131 27 30
.V 160 0 27
.V 167 27 30
.end
.begin 55
.H 140 10 141
.H 108 26 170
.V 108 26 30
.V 130 0 30
.V 134 26 30
.V 140 0 10
.V 141 10 26
.V 152 26 30
.V 154 26 30
.V 170 26 30
.end
.begin 56
.H 113 11 116
.H 116 12 123
.H 123 13 128
.H 128 14 132
.V 113 0 11
.V 116 11 12
.V 123 12 13
.V 128 13 14
.V 132 14 30
.end
.begin 57
.H 116 4 133
.H 133 5 165
.V 116 0 4
.V 133 4 5
.V 165 5 30
.end
.begin 58
.H 119 23 131
.H 131 24 155
.V 119 23 30
.V 131 23 24
.V 153 24 30
.V 155 24 30
.end
.begin 59
.H 123 2 131
.H 128 20 131
.V 123 0 2
.V 128 20 30
.V 131 2 20
.end
.begin 60
.H 155 19 158
.H 154 20 155
.H 126 21 154
.V 126 21 30
.V 142 21 30
.V 154 20 21
.V 155 19 20
.V 158 0 19
.end
.begin 61
.H 126 7 166
.H 166 8 167
.H 167 9 171
.V 126 0 7
.V 166 7 8
.V 167 8 9
.V 171 9 30
.end
.begin 62
.H 152 9 159
.H 148 10 152
.H 159 10 163
.H 163 11 166
.H 127 19 152
.V 127 20 30
.V 127 19 20
.V 148 0 10
.V 152 10 19
.V 152 9 10
.V 159 0 9
.V 159 9 10
.V 163 10 11
.V 166 11 30
.end
.begin 63
.H 133 23 161
.H 161 24 172
.V 133 23 30
.V 139 0 23
.V 149 0 23
.V 161 0 30
.V 161 23 24
.V 163 24 30
.V 172 24 30
.end
.begin 64
.H 133 2 157
.V 133 0 2
.V 157 2 30
.end
.begin 65
.H 135 20 153
.V 135 20 30
.V 153 0 20
.end
.begin 66
.H 137 25 139
.V 137 25 30
.V 139 25 30
.end
.begin 67
.H 137 3 167
.H 167 4 169
.V 137 0 3
.V 167 0 3
.V 167 3 4
.V 169 4 30
.end
.begin 68
.H 138 4 162
.H 140 25 173
.V 138 0 30
.V 140 25 30
.V 143 25 30
.V 150 0 4
.V 162 4 25
.V 173 25 30
.end
.begin 69
.H 144 11 145
.H 145 12 146
.H 146 13 148
.H 148 14 150
.V 144 0 10
.V 144 10 11
.V 145 11 12
.V 146 12 13
.V 148 13 14
.V 150 14 30
.end
.begin 70
.H 157 1 162
.H 162 2 168
.V 157 0 1
.V 162 1 2
.V 168 2 30
.end
.begin 71
.H 158 28 164
.V 158 29 30
.V 158 28 29
.V 164 0 28
.end
.begin 72
.H 160 29 162
.V 160 29 30
.V 162 29 30
.end
