.begin 1
.H 20 22 49
.H 49 23 85
.H 85 24 94
.V 20 22 31
.V 39 0 22
.V 47 22 31
.V 49 22 31
.V 49 22 23
.V 56 23 31
.V 85 23 24
.V 94 24 31
.end
.begin 2
.H 43 16 51
.H 14 17 43
.H 13 18 14
.H 12 19 13
.H 11 20 12
.H 10 21 11
.H 9 22 10
.H 6 23 9
.H 5 24 6
.H 4 25 5
.H 3 26 4
.H 2 27 3
.H 1 28 2
.H 0 29 1
.V 0 30 31
.V 0 29 30
.V 1 28 29
.V 2 27 28
.V 3 26 27
.V 4 25 26
.V 5 24 25
.V 6 23 24
.V 9 22 23
.V 10 21 22
.V 11 20 21
.V 12 19 20
.V 13 18 19
.V 14 17 18
.V 43 16 17
.V 49 0 16
.V 51 0 16
.end
.begin 3
.H 0 2 1
.H 1 3 2
.H 2 4 3
.H 3 5 4
.H 4 6 5
.H 5 7 6
.H 6 8 7
.H 7 9 9
.H 9 10 10
.H 10 11 11
.H 11 12 12
.H 12 13 13
.H 13 14 14
.H 14 15 15
.H 42 15 54
.H 15 16 42
.H 54 16 62
.V 0 0 1
.V 0 1 2
.V 1 2 3
.V 2 3 4
.V 3 4 5
.V 4 5 6
.V 5 6 7
.V 6 7 8
.V 7 8 31
.V 7 8 9
.V 9 9 10
.V 10 10 11
.V 11 11 12
.V 12 12 13
.V 13 13 14
.V 14 14 15
.V 15 15 16
.V 28 16 31
.V 40 16 31
.V 42 15 16
.V 43 0 15
.V 45 0 15
.V 54 15 16
.V 62 16 31
.end
.begin 4
.H 12 7 13
.H 13 8 14
.H 14 9 15
.H 15 10 16
.H 16 11 17
.H 17 12 19
.H 19 13 20
.H 20 14 31
.H 1 30 31
.V 1 30 31
.V 12 0 6
.V 12 6 7
.V 13 7 8
.V 14 8 9
.V 15 9 10
.V 16 10 11
.V 17 11 12
.V 19 12 13
.V 20 13 14
.V 31 14 30
.end
.begin 5
.H 1 1 46
.H 10 23 48
.V 1 0 1
.V 4 0 1
.V 10 23 31
.V 13 23 31
.V 45 23 31
.V 46 1 23
.V 48 23 31
.end
.begin 6
.H 76 5 84
.H 84 6 93
.H 15 8 17
.H 17 9 19
.H 19 10 20
.H 20 11 21
.H 21 12 30
.H 30 13 35
.H 36 13 57
.H 35 14 36
.H 57 14 61
.H 61 15 63
.H 63 16 73
.H 73 17 93
.H 93 18 94
.H 111 18 120
.H 94 19 111
.H 2 29 36
.V 2 29 31
.V 15 0 8
.V 17 8 9
.V 19 9 10
.V 20 0 10
.V 20 10 11
.V 21 11 12
.V 30 12 13
.V 31 0 13
.V 35 13 14
.V 36 14 29
.V 36 13 14
.V 57 0 13
.V 57 13 14
.V 61 14 15
.V 63 15 16
.V 68 16 31
.V 73 16 17
.V 74 17 31
.V 76 0 5
.V 84 5 6
.V 93 6 17
.V 93 17 18
.V 94 18 19
.V 111 19 31
.V 111 18 19
.V 119 0 18
.V 120 0 31
.end
.begin 7
.H 2 2 47
.H 44 17 47
.H 19 18 44
.H 17 19 19
.H 16 20 17
.V 2 0 2
.V 8 0 2
.V 11 0 2
.V 16 21 31
.V 16 20 21
.V 17 19 20
.V 19 18 19
.V 44 17 18
.V 47 2 17
.end
.begin 8
.H 58 3 71
.H 110 6 129
.H 14 7 19
.H 19 8 21
.H 21 9 22
.H 30 9 89
.H 22 10 30
.H 3 28 25
.H 63 28 101
.H 101 29 125
.V 3 28 31
.V 14 0 7
.V 19 0 7
.V 19 7 8
.V 21 8 9
.V 22 9 10
.V 25 10 28
.V 30 0 10
.V 30 9 10
.V 58 0 3
.V 63 28 31
.V 71 0 3
.V 71 3 9
.V 79 28 31
.V 89 9 28
.V 101 28 29
.V 102 29 31
.V 110 0 6
.V 125 29 31
.V 125 6 29
.V 129 0 6
.end
.begin 9
.H 3 3 4
.H 4 4 5
.H 5 5 6
.H 6 6 7
.H 7 7 8
.H 8 8 10
.H 10 9 11
.H 11 10 12
.H 12 11 13
.H 13 12 14
.H 14 13 15
.H 15 14 16
.H 41 14 55
.H 16 15 41
.V 3 0 3
.V 4 3 4
.V 5 4 5
.V 6 5 6
.V 7 6 7
.V 8 7 31
.V 8 7 8
.V 10 8 9
.V 11 9 10
.V 12 10 11
.V 13 11 12
.V 14 12 13
.V 15 13 14
.V 16 14 15
.V 41 15 31
.V 41 14 15
.V 48 0 14
.V 50 0 14
.V 55 14 31
.end
.begin 10
.H 4 27 27
.V 4 27 31
.V 27 27 31
.V 27 27 28
.end
.begin 11
.H 21 4 29
.H 5 26 38
.H 38 27 39
.V 5 26 31
.V 12 26 31
.V 21 0 4
.V 29 26 31
.V 29 4 26
.V 33 0 31
.V 35 26 31
.V 38 26 27
.V 39 27 31
.end
.begin 12
.H 5 3 55
.H 55 4 58
.H 58 5 59
.H 59 6 72
.H 48 17 72
.H 45 18 48
.H 20 19 45
.H 18 20 20
.H 17 21 18
.V 5 0 3
.V 9 0 3
.V 17 21 31
.V 18 20 21
.V 20 19 20
.V 45 18 19
.V 48 17 18
.V 55 3 4
.V 58 4 5
.V 59 5 6
.V 72 6 17
.end
.begin 13
.H 13 6 21
.H 21 7 22
.H 22 8 23
.H 23 9 27
.H 6 25 27
.V 6 25 31
.V 13 0 6
.V 21 6 7
.V 22 7 8
.V 23 8 9
.V 27 9 25
.end
.begin 14
.H 6 4 18
.H 16 18 18
.H 15 19 16
.H 14 20 15
.V 6 0 4
.V 10 0 4
.V 14 21 31
.V 14 20 21
.V 15 20 31
.V 15 19 20
.V 16 18 19
.V 18 0 4
.V 18 4 18
.end
.begin 15
.H 7 5 16
.V 7 0 5
.V 16 0 9
.V 16 5 9
.end
.begin 16
.H 28 5 52
.H 52 6 53
.H 53 7 80
.H 9 24 80
.V 9 24 31
.V 26 0 31
.V 28 0 5
.V 42 24 31
.V 52 5 6
.V 53 6 7
.V 80 7 24
.end
.begin 17
.H 11 22 18
.V 11 22 31
.V 18 22 31
.end
.begin 18
.H 17 5 27
.V 17 0 5
.V 25 0 5
.V 27 0 5
.end
.begin 19
.H 118 10 121
.H 19 21 56
.H 56 22 101
.H 101 23 121
.V 19 22 31
.V 19 21 22
.V 56 0 21
.V 56 21 22
.V 67 22 31
.V 75 0 31
.V 101 22 23
.V 110 23 31
.V 118 0 9
.V 118 9 10
.V 121 0 31
.V 121 10 23
.end
.begin 20
.H 165 1 169
.H 169 2 170
.H 123 19 170
.H 21 20 57
.H 119 20 123
.H 57 21 119
.V 21 20 31
.V 38 0 20
.V 50 20 31
.V 57 20 31
.V 57 20 21
.V 93 21 31
.V 96 0 21
.V 105 0 21
.V 107 0 21
.V 119 20 21
.V 123 19 20
.V 134 0 19
.V 143 0 19
.V 154 0 19
.V 165 0 1
.V 169 1 2
.V 170 2 19
.end
.begin 21
.H 23 7 28
.H 22 13 28
.V 22 13 31
.V 23 0 7
.V 28 7 13
.end
.begin 22
.H 22 6 44
.V 22 0 6
.V 42 0 6
.V 44 0 6
.end
.begin 23
.H 35 10 36
.H 23 11 35
.H 36 11 40
.H 52 11 54
.H 40 12 52
.H 54 12 59
.H 59 13 62
.H 62 14 64
.H 64 15 74
.H 74 16 109
.V 23 11 31
.V 35 10 11
.V 36 0 10
.V 36 10 11
.V 40 11 12
.V 52 12 31
.V 52 11 12
.V 54 0 11
.V 54 11 12
.V 59 12 31
.V 59 12 13
.V 62 13 14
.V 64 14 15
.V 74 15 16
.V 91 16 31
.V 109 0 6
.V 109 6 16
.end
.begin 24
.H 151 6 163
.H 145 7 151
.H 24 8 145
.V 24 8 31
.V 35 0 8
.V 53 8 31
.V 60 8 31
.V 90 8 31
.V 98 0 8
.V 103 0 8
.V 132 0 8
.V 141 0 8
.V 145 0 8
.V 145 7 8
.V 151 6 7
.V 152 0 6
.V 163 0 6
.end
.begin 25
.H 30 27 37
.V 30 28 31
.V 30 27 28
.V 37 0 27
.end
.begin 26
.H 32 4 34
.V 32 0 31
.V 34 4 31
.end
.begin 27
.H 60 5 74
.H 74 6 82
.H 82 7 144
.H 37 30 144
.V 37 30 31
.V 44 30 31
.V 60 0 5
.V 70 30 31
.V 74 5 6
.V 82 6 7
.V 85 0 7
.V 144 7 30
.end
.begin 28
.H 38 29 66
.V 38 29 31
.V 66 29 31
.end
.begin 29
.H 40 4 53
.H 53 5 55
.H 55 6 58
.V 40 0 4
.V 53 4 5
.V 55 5 6
.V 58 6 31
.end
.begin 30
.H 128 3 133
.H 59 4 83
.H 133 4 136
.H 111 10 113
.H 113 11 114
.H 114 12 116
.H 116 13 117
.H 46 25 136
.H 44 26 46
.H 43 27 44
.V 43 28 31
.V 43 27 28
.V 44 26 27
.V 46 25 26
.V 59 0 4
.V 64 25 31
.V 72 0 4
.V 78 25 31
.V 83 4 25
.V 103 25 31
.V 111 0 9
.V 111 9 10
.V 113 10 11
.V 114 11 12
.V 116 12 13
.V 117 13 25
.V 124 25 31
.V 128 0 3
.V 133 3 4
.V 136 4 25
.end
.begin 31
.H 81 2 82
.H 82 3 84
.H 84 4 89
.H 89 5 94
.H 94 6 106
.H 51 26 106
.H 46 27 51
.V 46 28 31
.V 46 27 28
.V 51 26 27
.V 66 0 26
.V 70 0 26
.V 80 26 31
.V 81 0 2
.V 82 2 3
.V 83 0 3
.V 84 3 4
.V 88 26 31
.V 89 4 5
.V 90 0 5
.V 94 5 6
.V 106 6 26
.end
.begin 32
.H 53 2 79
.H 54 27 79
.H 51 28 54
.V 51 28 31
.V 53 0 1
.V 53 1 2
.V 54 27 28
.V 79 2 27
.end
.begin 33
.H 55 1 82
.V 55 0 1
.V 80 0 1
.V 82 0 1
.end
.begin 34
.H 61 11 62
.H 62 12 63
.H 63 13 76
.V 61 0 10
.V 61 10 11
.V 62 11 12
.V 63 12 13
.V 76 13 31
.end
.begin 35
.H 62 10 86
.V 62 0 10
.V 68 0 10
.V 71 10 31
.V 86 0 10
.end
.begin 36
.H 63 11 74
.H 74 12 77
.H 77 13 78
.H 78 14 87
.V 63 0 11
.V 74 11 12
.V 77 12 13
.V 78 13 14
.V 84 14 31
.V 87 0 14
.end
.begin 37
.H 64 12 73
.V 64 0 12
.V 73 0 12
.end
.begin 38
.H 67 18 69
.H 65 19 67
.V 65 20 31
.V 65 19 20
.V 67 18 19
.V 69 0 18
.end
.begin 39
.H 65 14 77
.H 77 15 101
.V 65 0 14
.V 67 0 14
.V 77 14 15
.V 82 15 31
.V 91 0 15
.V 98 15 31
.V 100 15 31
.V 101 0 15
.end
.begin 40
.H 69 29 99
.V 69 29 31
.V 97 29 31
.V 99 29 31
.end
.begin 41
.H 74 3 81
.H 73 18 81
.H 72 19 73
.V 72 20 31
.V 72 19 20
.V 73 18 19
.V 74 0 3
.V 81 3 18
.end
.begin 42
.H 73 20 116
.V 73 20 31
.V 114 20 31
.V 116 20 31
.end
.begin 43
.H 77 19 81
.V 77 19 31
.V 81 19 31
.end
.begin 44
.H 77 11 84
.H 84 12 94
.H 94 13 95
.H 95 14 103
.H 103 15 110
.H 110 16 111
.H 111 17 123
.H 123 18 148
.V 77 0 11
.V 84 11 12
.V 94 12 13
.V 95 13 14
.V 103 14 15
.V 110 15 16
.V 111 16 17
.V 123 17 18
.V 146 18 31
.V 148 18 31
.end
.begin 45
.H 78 12 82
.H 82 13 92
.V 78 0 12
.V 82 12 13
.V 92 13 31
.end
.begin 46
.H 92 1 102
.H 83 27 102
.H 102 28 147
.V 83 27 31
.V 85 27 31
.V 92 0 1
.V 102 1 27
.V 102 27 28
.V 145 28 31
.V 147 0 31
.end
.begin 47
.H 93 2 115
.H 113 22 115
.H 86 23 99
.V 86 23 31
.V 93 0 2
.V 99 2 23
.V 100 0 2
.V 113 22 31
.V 115 22 31
.V 115 2 22
.end
.begin 48
.H 87 18 88
.V 87 19 31
.V 87 18 19
.V 88 0 18
.end
.begin 49
.H 89 2 92
.H 92 3 93
.H 93 4 122
.H 109 22 112
.V 89 0 1
.V 89 1 2
.V 92 2 3
.V 93 3 4
.V 109 22 31
.V 112 4 22
.V 117 0 4
.V 122 0 31
.end
.begin 50
.H 94 3 127
.H 123 23 124
.V 94 0 3
.V 104 3 31
.V 112 0 3
.V 123 23 31
.V 124 3 23
.V 127 0 3
.end
.begin 51
.H 104 1 131
.H 95 24 131
.V 95 24 31
.V 104 0 1
.V 131 1 24
.end
.begin 52
.H 95 5 166
.V 95 0 5
.V 106 0 5
.V 108 0 5
.V 135 0 5
.V 142 0 5
.V 155 0 5
.V 166 0 5
.end
.begin 53
.H 97 10 98
.H 98 11 100
.H 100 12 103
.H 103 13 108
.H 108 14 111
.H 111 15 113
.H 113 16 118
.V 97 0 9
.V 97 9 10
.V 98 10 11
.V 100 11 12
.V 103 12 13
.V 108 13 14
.V 111 14 15
.V 113 15 16
.V 118 16 31
.end
.begin 54
.H 105 27 167
.V 105 27 31
.V 129 27 31
.V 131 27 31
.V 160 0 27
.V 167 27 31
.end
.begin 55
.H 140 6 142
.H 108 26 170
.V 108 26 31
.V 130 0 31
.V 134 26 31
.V 140 0 6
.V 142 6 26
.V 152 26 31
.V 154 26 31
.V 170 26 31
.end
.begin 56
.H 113 9 114
.H 114 10 116
.H 116 11 117
.H 117 12 118
.H 118 13 123
.H 123 14 126
.H 126 15 127
.H 127 16 129
.H 129 17 132
.V 113 0 9
.V 114 9 10
.V 116 10 11
.V 117 11 12
.V 118 12 13
.V 123 13 14
.V 126 14 15
.V 127 15 16
.V 129 16 17
.V 132 17 31
.end
.begin 57
.H 116 2 136
.H 136 3 137
.H 137 4 165
.V 116 0 2
.V 136 2 3
.V 137 3 4
.V 165 4 31
.end
.begin 58
.H 119 22 126
.H 126 23 155
.V 119 22 31
.V 126 22 23
.V 153 23 31
.V 155 23 31
.end
.begin 59
.H 123 4 128
.V 123 0 4
.V 128 4 31
.end
.begin 60
.H 149 28 158
.H 126 29 149
.V 126 29 31
.V 142 29 31
.V 149 28 29
.V 158 0 28
.end
.begin 61
.H 126 10 127
.H 127 11 129
.H 129 12 132
.H 132 13 133
.H 133 14 135
.H 135 15 137
.H 137 16 140
.H 140 17 152
.H 152 18 171
.V 126 0 9
.V 126 9 10
.V 127 10 11
.V 129 11 12
.V 132 12 13
.V 133 13 14
.V 135 14 15
.V 137 15 16
.V 140 16 17
.V 152 17 18
.V 171 18 31
.end
.begin 62
.H 152 7 159
.H 151 8 152
.H 159 8 163
.H 148 9 151
.H 163 9 166
.H 129 20 151
.H 127 21 129
.V 127 22 31
.V 127 21 22
.V 129 20 21
.V 148 0 8
.V 148 8 9
.V 151 9 20
.V 151 8 9
.V 152 7 8
.V 159 0 7
.V 159 7 8
.V 163 8 9
.V 166 9 31
.end
.begin 63
.H 157 23 161
.H 133 24 157
.H 161 24 172
.V 133 24 31
.V 139 0 24
.V 149 0 24
.V 157 23 24
.V 161 0 31
.V 161 23 24
.V 163 24 31
.V 172 24 31
.end
.begin 64
.H 133 1 162
.H 159 28 162
.H 157 29 159
.V 133 0 1
.V 157 30 31
.V 157 29 30
.V 159 28 29
.V 162 1 28
.end
.begin 65
.H 152 20 153
.H 135 21 152
.V 135 22 31
.V 135 21 22
.V 152 20 21
.V 153 0 20
.end
.begin 66
.H 137 25 139
.V 137 25 31
.V 139 25 31
.end
.begin 67
.H 137 2 168
.H 168 3 169
.V 137 0 2
.V 167 0 2
.V 168 2 3
.V 169 3 31
.end
.begin 68
.H 138 3 156
.H 140 25 173
.V 138 0 31
.V 140 25 31
.V 143 25 31
.V 150 0 3
.V 156 3 25
.V 173 25 31
.end
.begin 69
.H 144 6 150
.V 144 0 6
.V 150 6 31
.end
.begin 70
.H 157 3 167
.H 167 4 168
.V 157 0 3
.V 167 3 4
.V 168 4 31
.end
.begin 71
.H 158 30 164
.V 158 30 31
.V 164 0 30
.end
.begin 72
.H 160 29 162
.V 160 29 31
.V 162 29 31
.end
