.begin 1
.H 20 19 94
.V 20 19 26
.V 39 0 19
.V 47 19 26
.V 49 19 26
.V 56 19 26
.V 94 19 26
.end
.begin 2
.H 49 2 51
.H 0 25 51
.V 0 25 26
.V 49 0 2
.V 51 0 2
.end
.begin 3
.H 0 1 62
.H 7 18 62
.V 0 0 1
.V 7 18 26
.V 28 18 26
.V 40 18 26
.V 43 0 1
.V 45 0 1
.V 62 18 26
.end
.begin 4
.H 1 24 12
.V 1 24 26
.V 12 0 9
.end
.begin 5
.H 1 2 48
.H 10 16 48
.V 1 0 2
.V 4 0 2
.V 10 16 26
.V 13 16 26
.V 45 16 26
.V 48 16 26
.end
.begin 6
.H 20 5 120
.H 2 23 120
.V 2 23 26
.V 15 0 23
.V 20 0 5
.V 31 0 5
.V 57 0 5
.V 68 23 26
.V 74 23 26
.V 76 0 5
.V 111 23 26
.V 119 0 5
.V 120 0 26
.end
.begin 7
.H 2 3 16
.V 2 0 3
.V 8 0 3
.V 11 0 3
.V 16 19 26
.end
.begin 8
.H 58 6 129
.H 14 9 18
.H 18 10 42
.H 42 11 58
.H 3 22 129
.V 3 22 26
.V 14 0 9
.V 18 9 10
.V 19 0 10
.V 30 0 10
.V 42 10 11
.V 58 0 6
.V 58 6 11
.V 63 6 26
.V 71 0 6
.V 79 6 26
.V 102 6 26
.V 110 0 6
.V 125 6 26
.V 129 0 6
.end
.begin 9
.H 3 4 55
.V 3 0 4
.V 8 4 26
.V 41 4 26
.V 48 0 4
.V 50 0 4
.V 55 4 26
.end
.begin 10
.H 4 21 27
.V 4 21 26
.V 27 21 26
.end
.begin 11
.H 21 6 39
.H 5 20 39
.V 5 20 26
.V 12 20 26
.V 21 0 6
.V 29 20 26
.V 33 0 26
.V 35 20 26
.V 39 20 26
.end
.begin 12
.H 5 5 17
.V 5 0 5
.V 9 0 5
.V 17 5 26
.end
.begin 13
.H 6 19 13
.V 6 19 26
.V 13 0 9
.end
.begin 14
.H 6 6 18
.H 10 8 18
.H 14 24 18
.V 6 0 6
.V 10 0 8
.V 14 24 26
.V 15 24 26
.V 18 0 6
.end
.begin 15
.H 7 7 16
.V 7 0 7
.V 16 0 10
.end
.begin 16
.H 9 17 42
.V 9 17 26
.V 26 0 26
.V 28 0 17
.V 42 17 26
.end
.begin 17
.H 11 15 18
.V 11 15 26
.V 18 15 26
.end
.begin 18
.H 17 3 27
.V 17 0 3
.V 25 0 3
.V 27 0 3
.end
.begin 19
.H 56 4 121
.H 19 24 121
.V 19 24 26
.V 56 0 4
.V 67 24 26
.V 75 0 26
.V 110 24 26
.V 118 0 4
.V 121 0 26
.end
.begin 20
.H 21 15 49
.H 49 16 165
.V 21 15 26
.V 38 0 15
.V 49 15 16
.V 50 16 26
.V 57 16 26
.V 93 16 26
.V 96 0 16
.V 105 0 16
.V 107 0 16
.V 134 0 16
.V 143 0 16
.V 154 0 16
.V 165 0 1
.end
.begin 21
.H 22 14 23
.V 22 14 26
.V 23 0 8
.end
.begin 22
.H 22 7 44
.V 22 0 7
.V 42 0 7
.V 44 0 7
.end
.begin 23
.H 31 12 89
.H 95 12 109
.H 23 13 31
.H 89 13 95
.V 23 13 26
.V 31 12 13
.V 36 0 12
.V 52 12 26
.V 54 0 12
.V 59 12 26
.V 89 12 13
.V 91 13 26
.V 95 12 13
.V 109 0 12
.end
.begin 24
.H 132 1 163
.H 24 14 163
.V 24 14 26
.V 35 0 14
.V 53 14 26
.V 60 14 26
.V 90 14 26
.V 98 0 13
.V 98 13 14
.V 103 0 14
.V 132 0 1
.V 141 0 1
.V 145 0 1
.V 152 0 1
.V 163 0 1
.end
.begin 25
.H 30 21 37
.V 30 21 26
.V 37 0 3
.end
.begin 26
.H 32 3 34
.V 32 0 26
.V 34 3 26
.end
.begin 27
.H 37 13 85
.V 37 13 26
.V 44 13 26
.V 60 0 13
.V 70 13 26
.V 85 0 13
.end
.begin 28
.H 38 21 66
.V 38 21 26
.V 66 21 26
.end
.begin 29
.H 40 3 58
.V 40 0 3
.V 58 25 26
.end
.begin 30
.H 59 3 128
.H 43 20 128
.V 43 20 26
.V 59 0 3
.V 64 20 26
.V 72 0 3
.V 78 20 26
.V 103 20 26
.V 111 0 3
.V 124 20 26
.V 128 0 3
.end
.begin 31
.H 70 11 90
.H 46 17 69
.H 69 18 90
.V 46 17 26
.V 66 0 17
.V 69 17 18
.V 70 0 11
.V 80 18 26
.V 81 0 11
.V 83 0 11
.V 88 18 26
.V 90 0 11
.end
.begin 32
.H 51 15 53
.V 51 15 26
.V 53 0 2
.end
.begin 33
.H 55 2 82
.V 55 0 2
.V 80 0 2
.V 82 0 2
.end
.begin 34
.H 61 7 76
.V 61 0 7
.V 76 7 26
.end
.begin 35
.H 62 8 86
.V 62 0 8
.V 68 0 8
.V 71 8 26
.V 86 0 8
.end
.begin 36
.H 63 1 87
.V 63 0 1
.V 84 1 26
.V 87 0 1
.end
.begin 37
.H 64 9 73
.V 64 0 9
.V 73 0 9
.end
.begin 38
.H 65 25 69
.V 65 25 26
.V 69 0 11
.end
.begin 39
.H 65 10 101
.H 98 18 101
.V 65 0 10
.V 67 0 10
.V 82 10 26
.V 91 0 10
.V 98 18 26
.V 100 18 26
.V 101 0 10
.end
.begin 40
.H 69 21 99
.V 69 21 26
.V 97 21 26
.V 99 21 26
.end
.begin 41
.H 72 25 74
.V 72 25 26
.V 74 0 9
.end
.begin 42
.H 73 17 116
.V 73 17 26
.V 114 17 26
.V 116 17 26
.end
.begin 43
.H 77 25 81
.V 77 25 26
.V 81 25 26
.end
.begin 44
.H 77 7 148
.V 77 0 7
.V 146 7 26
.V 148 7 26
.end
.begin 45
.H 78 9 92
.V 78 0 9
.V 92 9 26
.end
.begin 46
.H 92 2 147
.H 83 25 147
.V 83 25 26
.V 85 25 26
.V 92 0 2
.V 145 25 26
.V 147 0 26
.end
.begin 47
.H 86 15 115
.V 86 15 26
.V 93 0 15
.V 100 0 15
.V 113 15 26
.V 115 15 26
.end
.begin 48
.H 87 13 88
.V 87 13 26
.V 88 0 13
.end
.begin 49
.H 89 1 122
.H 109 13 122
.V 89 0 1
.V 109 13 26
.V 117 0 1
.V 122 0 26
.end
.begin 50
.H 94 8 127
.H 104 21 127
.V 94 0 8
.V 104 21 26
.V 112 0 8
.V 123 21 26
.V 127 0 8
.end
.begin 51
.H 95 19 104
.V 95 19 26
.V 104 0 10
.end
.begin 52
.H 95 9 166
.V 95 0 9
.V 106 0 9
.V 108 0 9
.V 135 0 9
.V 142 0 9
.V 155 0 9
.V 166 0 9
.end
.begin 53
.H 97 11 118
.V 97 0 11
.V 118 11 26
.end
.begin 54
.H 105 19 167
.V 105 19 26
.V 129 19 26
.V 131 19 26
.V 160 0 19
.V 167 19 26
.end
.begin 55
.H 140 10 166
.H 108 18 170
.V 108 18 26
.V 130 0 26
.V 134 18 26
.V 140 0 10
.V 152 18 26
.V 154 18 26
.V 166 10 18
.V 170 18 26
.end
.begin 56
.H 113 10 132
.V 113 0 10
.V 132 10 26
.end
.begin 57
.H 116 12 165
.V 116 0 12
.V 165 12 26
.end
.begin 58
.H 119 17 155
.V 119 17 26
.V 153 17 26
.V 155 17 26
.end
.begin 59
.H 123 1 128
.V 123 0 1
.V 128 21 26
.end
.begin 60
.H 126 24 158
.V 126 24 26
.V 142 24 26
.V 158 0 24
.end
.begin 61
.H 126 4 171
.V 126 0 4
.V 171 4 26
.end
.begin 62
.H 148 2 166
.H 127 23 166
.V 127 23 26
.V 148 0 2
.V 159 0 2
.V 166 23 26
.end
.begin 63
.H 139 8 172
.H 133 22 172
.V 133 22 26
.V 139 0 8
.V 149 0 8
.V 161 0 26
.V 163 22 26
.V 172 22 26
.end
.begin 64
.H 133 3 157
.V 133 0 3
.V 157 25 26
.end
.begin 65
.H 135 21 153
.V 135 21 26
.V 153 0 7
.end
.begin 66
.H 137 20 139
.V 137 20 26
.V 139 20 26
.end
.begin 67
.H 137 5 169
.V 137 0 5
.V 167 0 5
.V 169 5 26
.end
.begin 68
.H 138 6 173
.H 140 20 173
.V 138 0 26
.V 140 20 26
.V 143 20 26
.V 150 0 6
.V 173 20 26
.V 173 6 20
.end
.begin 69
.H 144 11 150
.V 144 0 11
.V 150 11 26
.end
.begin 70
.H 157 7 168
.V 157 0 7
.V 168 7 26
.end
.begin 71
.H 158 25 164
.V 158 25 26
.V 164 0 25
.end
.begin 72
.H 160 24 162
.V 160 24 26
.V 162 24 26
.end
