.begin 1
.H 20 20 83
.H 83 21 94
.V 20 20 29
.V 39 0 20
.V 47 20 29
.V 49 20 29
.V 56 20 29
.V 83 20 21
.V 94 21 29
.end
.begin 2
.H 14 15 51
.H 13 16 14
.H 12 17 13
.H 11 18 12
.H 10 19 11
.H 9 20 10
.H 6 21 9
.H 5 22 6
.H 4 23 5
.H 3 24 4
.H 2 25 3
.H 1 26 2
.H 0 27 1
.V 0 28 29
.V 0 27 28
.V 1 26 27
.V 2 25 26
.V 3 24 25
.V 4 23 24
.V 5 22 23
.V 6 21 22
.V 9 20 21
.V 10 19 20
.V 11 18 19
.V 12 17 18
.V 13 16 17
.V 14 15 16
.V 49 0 15
.V 51 0 15
.end
.begin 3
.H 0 2 1
.H 1 3 2
.H 2 4 3
.H 3 5 4
.H 4 6 5
.H 5 7 6
.H 6 8 7
.H 7 9 9
.H 9 10 10
.H 10 11 11
.H 11 12 12
.H 12 13 13
.H 13 14 54
.H 54 15 57
.H 57 16 61
.H 61 17 62
.V 0 0 1
.V 0 1 2
.V 1 2 3
.V 2 3 4
.V 3 4 5
.V 4 5 6
.V 5 6 7
.V 6 7 8
.V 7 8 29
.V 7 8 9
.V 9 9 10
.V 10 10 11
.V 11 11 12
.V 12 12 13
.V 13 13 14
.V 28 14 29
.V 40 14 29
.V 43 0 14
.V 45 0 14
.V 54 14 15
.V 57 15 16
.V 61 16 17
.V 62 17 29
.end
.begin 4
.H 12 6 25
.H 1 28 25
.V 1 28 29
.V 12 0 6
.V 25 6 28
.end
.begin 5
.H 1 1 79
.H 10 21 79
.V 1 0 1
.V 4 0 1
.V 10 21 29
.V 13 21 29
.V 45 21 29
.V 48 21 29
.V 79 1 21
.end
.begin 6
.H 76 5 83
.H 41 7 57
.H 31 8 41
.H 57 8 59
.H 15 9 31
.H 59 9 60
.H 60 10 61
.H 61 11 62
.H 62 12 63
.H 63 13 64
.H 64 14 65
.H 65 15 120
.H 2 27 31
.V 2 27 29
.V 15 0 9
.V 20 0 9
.V 31 0 9
.V 31 9 27
.V 31 8 9
.V 41 7 8
.V 57 0 7
.V 57 7 8
.V 59 8 9
.V 60 9 10
.V 61 10 11
.V 62 11 12
.V 63 12 13
.V 64 13 14
.V 65 14 15
.V 68 15 29
.V 74 15 29
.V 76 0 5
.V 83 5 15
.V 111 15 29
.V 119 0 15
.V 120 0 29
.end
.begin 7
.H 2 2 47
.H 16 18 47
.V 2 0 2
.V 8 0 2
.V 11 0 2
.V 16 18 29
.V 47 2 18
.end
.begin 8
.H 58 4 71
.H 40 6 89
.H 30 7 40
.H 14 8 30
.H 110 10 112
.H 105 24 129
.H 63 25 105
.H 3 26 30
.V 3 26 29
.V 14 0 8
.V 19 0 8
.V 30 0 8
.V 30 8 26
.V 30 7 8
.V 40 6 7
.V 58 0 4
.V 63 25 29
.V 71 0 4
.V 71 4 6
.V 79 25 29
.V 89 6 25
.V 102 25 29
.V 105 24 25
.V 110 0 10
.V 112 10 24
.V 125 24 29
.V 129 0 24
.end
.begin 9
.H 3 3 4
.H 4 4 5
.H 5 5 6
.H 6 6 7
.H 7 7 8
.H 8 8 10
.H 10 9 11
.H 11 10 12
.H 12 11 13
.H 13 12 14
.H 14 13 55
.V 3 0 3
.V 4 3 4
.V 5 4 5
.V 6 5 6
.V 7 6 7
.V 8 7 29
.V 8 7 8
.V 10 8 9
.V 11 9 10
.V 12 10 11
.V 13 11 12
.V 14 12 13
.V 41 13 29
.V 48 0 13
.V 50 0 13
.V 55 13 29
.end
.begin 10
.H 4 25 27
.V 4 25 29
.V 27 25 29
.end
.begin 11
.H 21 4 33
.H 5 24 33
.H 33 25 35
.H 35 26 39
.V 5 24 29
.V 12 24 29
.V 21 0 4
.V 29 24 29
.V 33 0 29
.V 33 4 24
.V 33 24 25
.V 35 25 29
.V 35 25 26
.V 39 26 29
.end
.begin 12
.H 5 3 29
.H 17 17 29
.V 5 0 3
.V 9 0 3
.V 17 17 29
.V 29 3 17
.end
.begin 13
.H 13 7 27
.H 6 23 27
.V 6 23 29
.V 13 0 7
.V 27 7 23
.end
.begin 14
.H 6 4 18
.H 14 19 18
.V 6 0 4
.V 10 0 4
.V 14 19 29
.V 15 19 29
.V 18 0 4
.V 18 4 19
.end
.begin 15
.H 7 5 16
.V 7 0 5
.V 16 0 10
.V 16 5 10
.end
.begin 16
.H 28 5 46
.H 9 22 46
.V 9 22 29
.V 26 0 29
.V 28 0 5
.V 42 22 29
.V 46 5 22
.end
.begin 17
.H 11 20 18
.V 11 20 29
.V 18 20 29
.end
.begin 18
.H 17 5 27
.V 17 0 5
.V 25 0 5
.V 27 0 5
.end
.begin 19
.H 118 11 121
.H 48 18 56
.H 19 19 48
.H 56 19 85
.H 85 20 121
.V 19 20 29
.V 19 19 20
.V 48 18 19
.V 56 0 18
.V 56 18 19
.V 67 19 29
.V 75 0 29
.V 85 19 20
.V 110 20 29
.V 118 0 11
.V 121 0 29
.V 121 11 20
.end
.begin 20
.H 165 1 170
.H 159 12 170
.H 155 13 159
.H 154 14 155
.H 153 15 154
.H 21 16 38
.H 126 16 153
.H 38 17 57
.H 107 17 126
.H 57 18 107
.V 21 16 29
.V 38 0 16
.V 38 16 17
.V 50 17 29
.V 57 17 29
.V 57 17 18
.V 93 18 29
.V 96 0 18
.V 105 0 18
.V 107 0 18
.V 107 17 18
.V 126 16 17
.V 134 0 16
.V 143 0 16
.V 153 15 16
.V 154 0 15
.V 154 14 15
.V 155 13 14
.V 159 12 13
.V 165 0 1
.V 170 1 12
.end
.begin 21
.H 22 11 23
.V 22 12 29
.V 22 11 12
.V 23 0 11
.end
.begin 22
.H 42 8 44
.H 40 9 42
.H 22 10 40
.V 22 0 10
.V 40 9 10
.V 42 0 9
.V 42 8 9
.V 44 0 8
.end
.begin 23
.H 109 3 125
.H 23 12 57
.H 57 13 59
.H 59 14 61
.H 61 15 62
.H 62 16 63
.H 106 16 125
.H 63 17 106
.V 23 12 29
.V 36 0 12
.V 52 12 29
.V 54 0 12
.V 57 12 13
.V 59 13 29
.V 59 13 14
.V 61 14 15
.V 62 15 16
.V 63 16 17
.V 91 17 29
.V 106 16 17
.V 109 0 3
.V 125 3 16
.end
.begin 24
.H 152 8 163
.H 98 9 152
.H 24 11 59
.H 59 12 60
.H 60 13 62
.H 62 14 63
.H 63 15 64
.H 64 16 103
.V 24 11 29
.V 35 0 11
.V 53 11 29
.V 59 11 12
.V 60 12 29
.V 60 12 13
.V 62 13 14
.V 63 14 15
.V 64 15 16
.V 90 16 29
.V 98 0 9
.V 103 0 9
.V 103 9 16
.V 132 0 9
.V 141 0 9
.V 145 0 9
.V 152 0 9
.V 152 8 9
.V 163 0 8
.end
.begin 25
.H 36 27 37
.H 30 28 36
.V 30 28 29
.V 36 27 28
.V 37 0 27
.end
.begin 26
.H 32 3 34
.V 32 0 29
.V 34 3 29
.end
.begin 27
.H 60 7 136
.H 37 28 136
.V 37 28 29
.V 44 28 29
.V 60 0 7
.V 70 28 29
.V 85 0 7
.V 136 7 28
.end
.begin 28
.H 38 27 66
.V 38 27 29
.V 66 27 29
.end
.begin 29
.H 40 4 52
.H 52 5 58
.V 40 0 3
.V 40 3 4
.V 52 4 5
.V 58 5 29
.end
.begin 30
.H 59 5 72
.H 128 5 131
.H 111 11 117
.H 51 22 131
.H 46 23 51
.H 44 24 46
.H 43 25 44
.V 43 26 29
.V 43 25 26
.V 44 24 25
.V 46 23 24
.V 51 22 23
.V 59 0 5
.V 64 22 29
.V 72 0 5
.V 72 5 22
.V 78 22 29
.V 103 22 29
.V 111 0 11
.V 117 11 22
.V 124 22 29
.V 128 0 5
.V 131 5 22
.end
.begin 31
.H 81 1 102
.H 54 23 70
.H 51 24 54
.H 70 24 102
.H 46 25 51
.V 46 26 29
.V 46 25 26
.V 51 24 25
.V 54 23 24
.V 66 0 23
.V 70 0 23
.V 70 23 24
.V 80 24 29
.V 81 0 1
.V 83 0 1
.V 88 24 29
.V 90 0 1
.V 102 1 24
.end
.begin 32
.H 53 2 156
.H 51 26 156
.V 51 26 29
.V 53 0 2
.V 156 2 26
.end
.begin 33
.H 55 3 82
.V 55 0 3
.V 80 0 3
.V 82 0 3
.end
.begin 34
.H 61 9 62
.H 62 10 63
.H 63 11 64
.H 64 12 65
.H 65 13 67
.H 67 14 76
.V 61 0 8
.V 61 8 9
.V 62 9 10
.V 63 10 11
.V 64 11 12
.V 65 12 13
.V 67 13 14
.V 76 14 29
.end
.begin 35
.H 62 8 86
.V 62 0 8
.V 68 0 8
.V 71 8 29
.V 86 0 8
.end
.begin 36
.H 63 9 74
.H 74 10 76
.H 76 11 87
.V 63 0 9
.V 74 9 10
.V 76 10 11
.V 84 11 29
.V 87 0 11
.end
.begin 37
.H 64 10 73
.V 64 0 10
.V 73 0 10
.end
.begin 38
.H 65 24 69
.V 65 24 29
.V 69 0 24
.end
.begin 39
.H 65 11 67
.H 67 12 68
.H 68 13 91
.H 91 14 101
.V 65 0 11
.V 67 0 11
.V 67 11 12
.V 68 12 13
.V 82 13 29
.V 91 0 13
.V 91 13 14
.V 98 14 29
.V 100 14 29
.V 101 0 14
.end
.begin 40
.H 69 27 99
.V 69 27 29
.V 97 27 29
.V 99 27 29
.end
.begin 41
.H 74 4 80
.H 72 23 80
.V 72 23 29
.V 74 0 4
.V 80 4 23
.end
.begin 42
.H 73 12 93
.H 93 13 106
.H 106 14 116
.V 73 12 29
.V 93 12 13
.V 106 13 14
.V 114 14 29
.V 116 14 29
.end
.begin 43
.H 77 14 81
.V 77 14 29
.V 81 14 29
.end
.begin 44
.H 77 10 90
.H 90 11 94
.H 94 12 108
.H 108 13 123
.H 123 14 126
.H 126 15 148
.V 77 0 9
.V 77 9 10
.V 90 10 11
.V 94 11 12
.V 108 12 13
.V 123 13 14
.V 126 14 15
.V 146 15 29
.V 148 15 29
.end
.begin 45
.H 78 9 92
.V 78 0 9
.V 92 9 29
.end
.begin 46
.H 92 3 99
.H 83 23 131
.H 131 24 147
.V 83 23 29
.V 85 23 29
.V 92 0 3
.V 99 3 23
.V 131 23 24
.V 145 24 29
.V 147 0 29
.end
.begin 47
.H 93 4 115
.H 86 19 115
.V 86 19 29
.V 93 0 4
.V 100 0 4
.V 113 19 29
.V 115 19 29
.V 115 4 19
.end
.begin 48
.H 87 14 88
.V 87 14 29
.V 88 0 14
.end
.begin 49
.H 89 4 90
.H 90 5 92
.H 92 6 122
.V 89 0 3
.V 89 3 4
.V 90 4 5
.V 92 5 6
.V 109 6 29
.V 117 0 6
.V 122 0 29
.end
.begin 50
.H 94 5 127
.H 123 20 124
.V 94 0 5
.V 104 5 29
.V 112 0 5
.V 123 20 29
.V 124 5 20
.V 127 0 5
.end
.begin 51
.H 104 1 162
.H 95 21 162
.V 95 21 29
.V 104 0 1
.V 162 1 21
.end
.begin 52
.H 137 7 166
.H 95 8 137
.V 95 0 8
.V 106 0 8
.V 108 0 8
.V 135 0 8
.V 137 7 8
.V 142 0 7
.V 155 0 7
.V 166 0 7
.end
.begin 53
.H 97 10 98
.H 98 11 110
.H 110 12 118
.V 97 0 9
.V 97 9 10
.V 98 10 11
.V 110 11 12
.V 118 12 29
.end
.begin 54
.H 160 6 167
.H 105 27 167
.V 105 27 29
.V 129 27 29
.V 131 27 29
.V 160 0 6
.V 167 27 29
.V 167 6 27
.end
.begin 55
.H 108 25 170
.V 108 25 29
.V 130 0 29
.V 134 25 29
.V 140 0 10
.V 140 10 25
.V 152 25 29
.V 154 25 29
.V 170 25 29
.end
.begin 56
.H 113 10 123
.H 123 11 126
.H 126 12 127
.H 127 13 132
.V 113 0 10
.V 123 10 11
.V 126 11 12
.V 127 12 13
.V 132 13 29
.end
.begin 57
.H 116 4 136
.H 136 5 165
.V 116 0 4
.V 136 4 5
.V 165 5 29
.end
.begin 58
.H 119 19 125
.H 125 20 155
.V 119 19 29
.V 125 19 20
.V 153 20 29
.V 155 20 29
.end
.begin 59
.H 123 6 128
.V 123 0 6
.V 128 6 29
.end
.begin 60
.H 155 15 158
.H 154 16 155
.H 153 17 154
.H 142 18 153
.H 126 19 142
.V 126 19 29
.V 142 19 29
.V 142 18 19
.V 153 17 18
.V 154 16 17
.V 155 15 16
.V 158 0 15
.end
.begin 61
.H 126 3 169
.H 169 4 171
.V 126 0 3
.V 169 3 4
.V 171 4 29
.end
.begin 62
.H 148 10 159
.H 159 11 166
.H 127 17 152
.V 127 18 29
.V 127 17 18
.V 148 0 10
.V 152 10 17
.V 159 0 10
.V 159 10 11
.V 166 11 29
.end
.begin 63
.H 133 22 161
.H 161 23 163
.H 163 24 172
.V 133 23 29
.V 133 22 23
.V 139 0 22
.V 149 0 22
.V 161 0 29
.V 161 22 23
.V 163 23 29
.V 163 23 24
.V 172 24 29
.end
.begin 64
.H 133 6 157
.V 133 0 5
.V 133 5 6
.V 157 6 29
.end
.begin 65
.H 153 9 160
.H 135 23 160
.V 135 23 29
.V 153 0 9
.V 160 9 23
.end
.begin 66
.H 137 28 139
.V 137 28 29
.V 139 28 29
.end
.begin 67
.H 137 4 167
.H 167 5 169
.V 137 0 4
.V 167 0 4
.V 167 4 5
.V 169 5 29
.end
.begin 68
.H 138 8 151
.H 140 28 173
.V 138 0 29
.V 140 28 29
.V 143 28 29
.V 150 0 8
.V 151 8 28
.V 173 28 29
.end
.begin 69
.H 144 11 145
.H 145 12 146
.H 146 13 148
.H 148 14 150
.V 144 0 10
.V 144 10 11
.V 145 11 12
.V 146 12 13
.V 148 13 14
.V 150 14 29
.end
.begin 70
.H 157 2 168
.V 157 0 2
.V 168 2 29
.end
.begin 71
.H 158 26 164
.V 158 26 29
.V 164 0 26
.end
.begin 72
.H 160 24 162
.V 160 24 29
.V 162 24 29
.end
