.begin 1
.H 14 41 197
.V 14 41 49
.V 197 0 41
.end
.begin 2
.H 4 2 214
.V 4 0 2
.V 214 44 49
.end
.begin 3
.H 162 7 214
.H 51 21 214
.H 25 33 214
.V 25 33 49
.V 51 0 21
.V 52 0 21
.V 68 33 49
.V 79 33 49
.V 82 0 21
.V 162 0 7
.V 184 33 49
.V 202 0 7
.V 214 0 24
.end
.begin 4
.H 97 22 129
.H 140 22 243
.H 57 23 97
.H 129 23 140
.V 57 0 23
.V 97 22 23
.V 129 22 23
.V 140 22 23
.V 243 22 49
.end
.begin 5
.H 8 46 249
.V 8 46 49
.V 249 0 1
.end
.begin 6
.H 15 10 252
.H 173 43 252
.V 15 0 10
.V 31 0 10
.V 47 0 10
.V 50 0 10
.V 152 0 10
.V 173 43 49
.V 179 0 10
.V 252 43 49
.end
.begin 7
.H 64 4 237
.H 58 27 237
.V 58 27 49
.V 64 0 4
.V 72 0 4
.V 84 0 4
.V 105 0 4
.V 110 0 4
.V 141 0 4
.V 145 0 4
.V 146 0 4
.V 163 0 4
.V 186 27 49
.V 222 0 4
.V 226 27 49
.V 237 0 4
.end
.begin 8
.H 24 15 204
.V 24 0 15
.V 44 15 49
.V 199 15 49
.V 204 30 49
.end
.begin 9
.H 21 35 230
.V 21 35 49
.V 230 0 7
.end
.begin 10
.H 44 3 254
.H 53 28 254
.V 44 0 3
.V 53 28 49
.V 232 28 49
.V 240 0 3
.V 254 28 49
.V 254 3 28
.end
.begin 11
.H 117 1 194
.V 117 0 1
.V 194 30 49
.end
.begin 12
.H 30 48 83
.V 30 48 49
.V 83 0 1
.end
.begin 13
.H 58 24 75
.H 20 36 75
.V 20 36 49
.V 33 0 36
.V 49 36 49
.V 52 36 49
.V 54 0 49
.V 58 0 24
.V 69 36 49
.V 75 0 5
.end
.begin 14
.H 10 6 65
.V 10 0 6
.V 65 34 49
.end
.begin 15
.H 208 9 219
.H 190 29 219
.V 190 0 29
.V 196 29 49
.V 208 0 9
.V 211 29 49
.V 212 29 49
.V 218 29 49
.V 219 29 49
.end
.begin 16
.H 14 9 108
.H 9 44 108
.V 9 44 49
.V 11 44 49
.V 14 0 9
.V 57 44 49
.V 61 0 9
.V 70 44 49
.V 97 44 49
.V 108 0 9
.end
.begin 17
.H 40 31 133
.V 40 31 49
.V 133 0 8
.end
.begin 18
.H 2 2 3
.V 2 0 2
.V 3 0 49
.end
.begin 19
.H 223 5 251
.H 205 23 251
.H 187 24 205
.V 187 0 24
.V 205 23 24
.V 223 0 5
.V 233 23 49
.V 251 23 49
.end
.begin 20
.H 130 36 174
.V 130 36 49
.V 174 0 36
.end
.begin 21
.H 129 13 134
.H 104 20 134
.V 104 0 20
.V 107 0 20
.V 111 20 49
.V 112 20 49
.V 114 0 20
.V 117 20 49
.V 122 0 20
.V 123 0 20
.V 129 0 13
.V 133 20 49
.V 134 20 49
.end
.begin 22
.H 181 19 236
.V 181 0 19
.V 236 19 49
.end
.begin 23
.H 12 8 19
.V 12 0 8
.V 19 36 49
.end
.begin 24
.H 8 4 60
.V 8 0 4
.V 60 26 49
.end
.begin 25
.H 137 8 228
.V 137 0 8
.V 228 8 49
.end
.begin 26
.H 182 36 238
.V 182 36 49
.V 238 0 1
.end
.begin 27
.H 171 6 217
.H 183 34 217
.V 171 0 6
.V 176 0 49
.V 183 34 49
.V 187 34 49
.V 205 0 6
.V 210 0 6
.V 217 34 49
.end
.begin 28
.H 93 11 141
.H 139 44 141
.V 93 0 11
.V 96 0 11
.V 118 0 11
.V 132 0 11
.V 139 44 49
.V 141 44 49
.end
.begin 29
.H 102 19 146
.H 165 19 169
.H 146 20 165
.V 102 0 19
.V 109 19 49
.V 116 0 19
.V 124 19 49
.V 146 19 20
.V 150 0 20
.V 153 20 49
.V 160 20 49
.V 165 0 19
.V 165 19 20
.V 169 19 49
.end
.begin 30
.H 145 44 148
.V 145 44 49
.V 148 0 16
.end
.begin 31
.H 30 16 118
.V 30 0 16
.V 75 16 49
.V 90 16 49
.V 112 0 16
.V 118 16 49
.end
.begin 32
.H 50 29 119
.H 41 30 50
.V 41 30 49
.V 48 30 49
.V 50 29 30
.V 74 0 29
.V 84 29 49
.V 86 29 49
.V 119 0 29
.end
.begin 33
.H 193 9 206
.V 193 0 9
.V 194 0 9
.V 195 0 9
.V 196 0 9
.V 198 0 9
.V 199 0 9
.V 200 0 49
.V 201 9 49
.V 202 9 49
.V 206 9 49
.end
.begin 34
.H 121 6 168
.H 77 36 116
.H 116 37 168
.V 77 36 49
.V 81 0 49
.V 88 0 36
.V 92 0 36
.V 116 36 37
.V 120 0 37
.V 121 0 6
.V 135 0 6
.V 138 0 6
.V 148 37 49
.V 149 0 6
.V 161 0 6
.V 168 0 49
.end
.begin 35
.H 49 22 70
.H 37 37 70
.V 37 37 49
.V 46 0 49
.V 47 37 49
.V 49 0 21
.V 49 21 22
.V 53 0 23
.V 53 22 23
.V 56 22 49
.V 63 0 22
.V 64 22 49
.V 66 22 49
.V 68 0 22
.V 70 0 22
.end
.begin 36
.H 229 48 243
.V 229 48 49
.V 243 0 1
.end
.begin 37
.H 122 44 136
.V 122 44 49
.V 136 0 8
.end
.begin 38
.H 63 38 183
.V 63 38 49
.V 82 38 49
.V 83 38 49
.V 106 0 38
.V 132 38 49
.V 152 38 49
.V 179 38 49
.V 183 0 18
.end
.begin 39
.H 1 1 80
.V 1 0 1
.V 80 42 49
.end
.begin 40
.H 210 30 233
.V 210 30 49
.V 233 0 8
.end
.begin 41
.H 234 8 248
.H 230 25 248
.H 189 26 230
.H 172 47 248
.V 172 47 49
.V 175 0 49
.V 189 0 26
.V 218 0 26
.V 230 25 26
.V 234 0 8
.V 248 0 1
.end
.begin 42
.H 76 47 155
.V 76 47 49
.V 155 0 18
.end
.begin 43
.H 19 14 31
.H 24 34 31
.V 19 0 14
.V 20 0 14
.V 22 0 14
.V 23 14 49
.V 24 34 49
.V 25 0 14
.V 26 0 14
.V 27 0 14
.V 28 0 14
.V 29 34 49
.V 31 34 49
.end
.begin 44
.H 143 44 144
.V 143 44 49
.V 144 0 14
.end
.begin 45
.H 16 11 79
.H 12 42 79
.V 12 42 49
.V 13 0 42
.V 16 0 11
.V 22 42 49
.V 28 42 49
.V 36 0 11
.V 38 0 11
.V 42 42 49
.V 66 0 11
.V 67 0 11
.V 79 0 11
.end
.begin 46
.H 188 32 247
.V 188 32 49
.V 247 0 1
.end
.begin 47
.H 122 42 130
.H 39 43 122
.V 39 43 49
.V 122 42 43
.V 130 0 14
.end
.begin 48
.H 140 13 167
.H 125 43 167
.V 125 43 49
.V 126 43 49
.V 127 43 49
.V 135 43 49
.V 137 43 49
.V 140 0 13
.V 143 0 13
.V 149 43 49
.V 160 0 13
.V 164 0 49
.V 167 43 49
.end
.begin 49
.H 5 3 43
.V 5 0 3
.V 43 29 49
.end
.begin 50
.H 5 45 6
.V 5 45 49
.V 6 0 4
.end
.begin 51
.H 138 45 227
.V 138 45 49
.V 227 0 7
.end
.begin 52
.H 192 5 222
.H 188 25 222
.V 188 0 25
.V 192 0 5
.V 193 25 49
.V 205 25 49
.V 206 0 5
.V 208 25 49
.V 212 0 5
.V 216 0 5
.V 221 25 49
.V 222 25 49
.end
.begin 53
.H 41 18 96
.V 41 0 18
.V 69 0 18
.V 96 18 49
.end
.begin 54
.H 11 7 61
.H 18 13 61
.H 17 38 61
.V 11 0 7
.V 17 38 49
.V 18 0 13
.V 23 0 7
.V 38 38 49
.V 45 38 49
.V 59 0 49
.V 61 38 49
.end
.begin 55
.H 17 12 136
.V 17 0 12
.V 36 12 49
.V 136 12 49
.end
.begin 56
.H 153 16 241
.V 153 0 16
.V 241 16 49
.end
.begin 57
.H 204 17 226
.H 203 41 226
.V 203 41 49
.V 204 0 17
.V 209 41 49
.V 213 41 49
.V 215 0 49
.V 216 41 49
.V 220 41 49
.V 225 0 49
.V 226 0 17
.end
.begin 58
.H 173 13 224
.H 106 48 224
.V 106 48 49
.V 147 48 49
.V 173 0 13
.V 203 0 13
.V 224 0 13
.end
.begin 59
.H 89 48 103
.V 89 48 49
.V 103 0 20
.end
.begin 60
.H 35 5 73
.H 2 47 73
.V 2 47 49
.V 10 47 49
.V 35 0 5
.V 39 0 5
.V 50 47 49
.V 62 47 49
.V 71 0 49
.V 73 47 49
.end
.begin 61
.H 9 5 34
.H 18 37 34
.V 9 0 5
.V 18 37 49
.V 34 37 49
.end
.begin 62
.H 97 13 104
.H 103 40 104
.V 97 0 13
.V 103 40 49
.V 104 40 49
.end
.begin 63
.H 86 1 115
.H 72 37 115
.V 72 37 49
.V 73 0 37
.V 78 37 49
.V 85 37 49
.V 86 0 1
.V 94 0 1
.V 98 37 49
.V 101 37 49
.V 105 37 49
.V 110 37 49
.V 115 0 1
.end
.begin 64
.H 0 48 29
.V 0 48 49
.V 29 0 16
.end
.begin 65
.H 139 12 217
.H 131 42 217
.V 131 42 49
.V 139 0 12
.V 150 42 49
.V 158 0 12
.V 171 42 49
.V 178 0 12
.V 207 0 49
.V 213 0 12
.V 217 0 12
.end
.begin 66
.H 191 44 211
.V 191 44 49
.V 211 0 24
.end
.begin 67
.H 147 14 231
.H 181 37 231
.V 147 0 14
.V 167 0 14
.V 181 37 49
.V 224 37 49
.V 231 37 49
.end
.begin 68
.H 174 40 229
.V 174 40 49
.V 195 40 49
.V 229 0 40
.end
.begin 69
.H 89 6 119
.H 93 42 119
.V 89 0 6
.V 93 42 49
.V 94 42 49
.V 98 0 6
.V 100 0 6
.V 113 0 6
.V 114 42 49
.V 116 42 49
.V 119 42 49
.end
.begin 70
.H 90 11 92
.H 91 42 92
.V 90 0 11
.V 91 42 49
.V 92 42 49
.end
.begin 71
.H 220 6 234
.V 220 0 6
.V 234 45 49
.end
.begin 72
.H 219 2 230
.V 219 0 2
.V 230 45 49
.end
.begin 73
.H 107 40 127
.V 107 40 49
.V 108 40 49
.V 120 40 49
.V 123 40 49
.V 127 0 40
.end
.begin 74
.H 177 18 182
.H 146 31 182
.V 146 31 49
.V 151 0 49
.V 170 0 31
.V 177 0 18
.V 180 0 18
.V 182 0 18
.end
.begin 75
.H 91 14 128
.H 40 17 128
.H 51 30 128
.V 40 0 17
.V 51 30 49
.V 87 30 49
.V 91 0 14
.V 95 30 49
.V 101 0 14
.V 102 30 49
.V 121 30 49
.V 128 30 49
.end
.begin 76
.H 6 43 37
.V 6 44 49
.V 6 43 44
.V 37 0 17
.end
.begin 77
.H 99 18 113
.H 42 19 99
.V 42 0 19
.V 78 0 19
.V 87 0 19
.V 99 19 49
.V 99 18 19
.V 113 18 49
.end
.begin 78
.H 43 20 62
.H 60 25 62
.H 32 34 62
.V 32 34 49
.V 34 0 34
.V 35 34 49
.V 43 0 20
.V 45 0 20
.V 48 0 20
.V 55 0 49
.V 56 0 20
.V 60 0 25
.V 62 0 20
.end
.begin 79
.H 76 5 190
.H 154 44 190
.V 76 0 5
.V 124 0 5
.V 154 44 49
.V 190 44 49
.end
.begin 80
.H 234 17 244
.H 184 18 234
.V 184 0 18
.V 198 18 49
.V 223 18 49
.V 234 17 18
.V 244 17 49
.end
.begin 81
.H 209 15 247
.V 209 0 15
.V 247 15 49
.end
.begin 82
.H 21 8 131
.H 7 45 131
.V 7 45 49
.V 21 0 8
.V 85 0 8
.V 88 45 49
.V 99 0 8
.V 100 45 49
.V 109 0 8
.V 111 0 8
.V 115 45 49
.V 131 0 8
.end
.begin 83
.H 244 6 250
.H 232 7 244
.V 232 0 7
.V 235 0 49
.V 236 0 7
.V 238 7 49
.V 239 0 49
.V 242 0 7
.V 244 6 7
.V 245 0 6
.V 246 0 49
.V 248 6 49
.V 249 6 49
.V 250 6 49
.end
.begin 84
.H 65 7 158
.H 129 40 158
.V 65 0 7
.V 125 0 7
.V 129 40 49
.V 158 40 49
.end
.begin 85
.H 89 13 95
.H 32 14 89
.H 15 40 95
.V 15 40 49
.V 27 40 49
.V 32 0 14
.V 77 0 14
.V 80 0 14
.V 89 13 14
.V 95 0 13
.end
.begin 86
.H 144 32 169
.V 144 32 49
.V 169 0 6
.end
.begin 87
.H 166 20 216
.H 216 21 245
.H 189 31 245
.V 166 0 20
.V 189 31 49
.V 216 20 21
.V 245 21 49
.end
.begin 88
.H 140 34 172
.V 140 34 49
.V 157 34 49
.V 170 34 49
.V 172 0 34
.end
.begin 89
.H 26 32 134
.V 26 32 49
.V 134 0 8
.end
.begin 90
.H 67 34 128
.V 67 34 49
.V 128 0 13
.end
.begin 91
.H 126 9 192
.V 126 0 9
.V 192 9 49
.end
.begin 92
.H 242 45 244
.V 242 45 49
.V 244 0 1
.end
.begin 93
.H 156 18 166
.H 165 47 166
.V 156 0 18
.V 157 0 18
.V 159 0 49
.V 161 18 49
.V 162 18 49
.V 163 18 49
.V 165 47 49
.V 166 47 49
.end
.begin 94
.H 231 2 253
.V 231 0 2
.V 253 2 49
.end
.begin 95
.H 4 46 7
.V 4 46 49
.V 7 0 4
.end
.begin 96
.H 154 17 191
.H 185 23 191
.H 155 30 191
.V 154 0 17
.V 155 30 49
.V 156 30 49
.V 177 30 49
.V 178 30 49
.V 180 30 49
.V 185 0 23
.V 186 0 17
.V 191 0 17
.end
.begin 97
.H 142 11 228
.H 185 38 228
.V 142 0 49
.V 185 38 49
.V 221 0 11
.V 227 38 49
.V 228 0 7
.end
.begin 98
.H 201 1 237
.V 201 0 1
.V 237 45 49
.end
.begin 99
.H 0 2 1
.V 0 0 1
.V 0 1 2
.V 1 2 49
.V 1 2 3
.end
.begin 100
.H 16 39 241
.V 16 39 49
.V 241 0 1
.end
