.begin 1
.H 14 70 197
.V 14 70 77
.V 197 0 70
.end
.begin 2
.H 4 3 5
.H 5 4 6
.H 6 5 7
.H 7 6 8
.H 8 7 9
.H 9 8 10
.H 10 9 11
.H 11 10 12
.H 12 11 15
.H 15 12 16
.H 16 13 17
.H 17 14 18
.H 18 15 19
.H 19 16 20
.H 20 17 21
.H 21 18 22
.H 22 19 24
.H 24 20 25
.H 25 21 26
.H 26 22 28
.H 28 23 30
.H 30 24 32
.H 32 25 35
.H 35 26 37
.H 37 27 38
.H 38 28 39
.H 39 29 40
.H 40 30 41
.H 41 31 42
.H 42 32 43
.H 43 33 47
.H 47 34 48
.H 48 35 56
.H 56 36 57
.H 57 37 60
.H 60 38 214
.V 4 0 2
.V 4 2 3
.V 5 3 4
.V 6 4 5
.V 7 5 6
.V 8 6 7
.V 9 7 8
.V 10 8 9
.V 11 9 10
.V 12 10 11
.V 15 11 12
.V 16 12 13
.V 17 13 14
.V 18 14 15
.V 19 15 16
.V 20 16 17
.V 21 17 18
.V 22 18 19
.V 24 19 20
.V 25 20 21
.V 26 21 22
.V 28 22 23
.V 30 23 24
.V 32 24 25
.V 35 25 26
.V 37 26 27
.V 38 27 28
.V 39 28 29
.V 40 29 30
.V 41 30 31
.V 42 31 32
.V 43 32 33
.V 47 33 34
.V 48 34 35
.V 56 35 36
.V 57 36 37
.V 60 37 38
.V 214 38 77
.end
.begin 3
.H 51 15 52
.H 162 21 214
.H 135 41 191
.H 86 42 135
.H 85 43 86
.H 84 44 85
.H 82 45 84
.H 80 46 82
.H 79 47 80
.H 48 48 79
.H 47 49 48
.H 43 50 47
.H 42 51 43
.H 41 52 42
.H 40 53 41
.H 39 54 40
.H 38 55 39
.H 37 56 38
.H 35 57 37
.H 32 58 35
.H 30 59 32
.H 29 60 30
.H 25 61 29
.V 25 61 77
.V 29 60 61
.V 30 59 60
.V 32 58 59
.V 35 57 58
.V 37 56 57
.V 38 55 56
.V 39 54 55
.V 40 53 54
.V 41 52 53
.V 42 51 52
.V 43 50 51
.V 47 49 50
.V 48 48 49
.V 51 0 15
.V 52 0 15
.V 52 15 48
.V 68 48 77
.V 79 48 77
.V 79 47 48
.V 80 46 47
.V 82 0 46
.V 82 45 46
.V 84 44 45
.V 85 43 44
.V 86 42 43
.V 135 41 42
.V 162 0 21
.V 184 41 77
.V 191 21 41
.V 202 0 21
.V 214 0 21
.end
.begin 4
.H 57 21 60
.H 60 22 61
.H 61 23 65
.H 65 24 66
.H 66 25 67
.H 67 26 68
.H 68 27 70
.H 70 28 72
.H 72 29 75
.H 75 30 76
.H 76 31 77
.H 77 32 79
.H 79 33 125
.H 125 34 135
.H 135 35 211
.H 211 36 243
.V 57 0 20
.V 57 20 21
.V 60 21 22
.V 61 22 23
.V 65 23 24
.V 66 24 25
.V 67 25 26
.V 68 26 27
.V 70 27 28
.V 72 28 29
.V 75 29 30
.V 76 30 31
.V 77 31 32
.V 79 32 33
.V 125 33 34
.V 135 34 35
.V 211 35 36
.V 243 36 77
.end
.begin 5
.H 249 23 274
.H 8 71 274
.V 8 71 77
.V 249 0 23
.V 274 23 71
.end
.begin 6
.H 15 10 275
.H 173 54 275
.V 15 0 10
.V 31 0 10
.V 47 0 10
.V 50 0 10
.V 152 0 10
.V 173 54 77
.V 179 0 10
.V 252 54 77
.V 275 10 54
.end
.begin 7
.H 64 8 262
.H 58 63 262
.V 58 63 77
.V 64 0 8
.V 72 0 8
.V 84 0 8
.V 105 0 8
.V 110 0 8
.V 141 0 8
.V 145 0 8
.V 146 0 8
.V 163 0 8
.V 186 63 77
.V 222 0 8
.V 226 63 77
.V 237 0 8
.V 262 8 63
.end
.begin 8
.H 24 16 25
.H 25 17 26
.H 26 18 28
.H 28 19 30
.H 30 20 32
.H 32 21 35
.H 35 22 37
.H 37 23 38
.H 38 24 39
.H 39 25 40
.H 40 26 41
.H 41 27 42
.H 42 28 43
.H 43 29 44
.H 44 30 47
.H 47 31 48
.H 48 32 56
.H 56 33 57
.H 57 34 60
.H 60 35 61
.H 61 36 65
.H 65 37 204
.V 24 0 15
.V 24 15 16
.V 25 16 17
.V 26 17 18
.V 28 18 19
.V 30 19 20
.V 32 20 21
.V 35 21 22
.V 37 22 23
.V 38 23 24
.V 39 24 25
.V 40 25 26
.V 41 26 27
.V 42 27 28
.V 43 28 29
.V 44 29 77
.V 44 29 30
.V 47 30 31
.V 48 31 32
.V 56 32 33
.V 57 33 34
.V 60 34 35
.V 61 35 36
.V 65 36 37
.V 199 37 77
.V 204 37 77
.end
.begin 9
.H 61 40 230
.H 60 41 61
.H 57 42 60
.H 56 43 57
.H 48 44 56
.H 47 45 48
.H 43 46 47
.H 42 47 43
.H 41 48 42
.H 40 49 41
.H 39 50 40
.H 38 51 39
.H 37 52 38
.H 35 53 37
.H 32 54 35
.H 30 55 32
.H 29 56 30
.H 28 57 29
.H 26 58 28
.H 25 59 26
.H 24 60 25
.H 22 61 24
.H 21 62 22
.V 21 62 77
.V 22 61 62
.V 24 60 61
.V 25 59 60
.V 26 58 59
.V 28 57 58
.V 29 56 57
.V 30 55 56
.V 32 54 55
.V 35 53 54
.V 37 52 53
.V 38 51 52
.V 39 50 51
.V 40 49 50
.V 41 48 49
.V 42 47 48
.V 43 46 47
.V 47 45 46
.V 48 44 45
.V 56 43 44
.V 57 42 43
.V 60 41 42
.V 61 40 41
.V 230 0 20
.V 230 20 40
.end
.begin 10
.H 44 20 47
.H 47 21 48
.H 48 22 51
.H 51 23 53
.H 53 24 57
.H 57 25 60
.H 60 26 61
.H 61 27 65
.H 65 28 66
.H 66 29 67
.H 67 30 68
.H 68 31 70
.H 70 32 72
.H 72 33 75
.H 75 34 122
.H 122 35 129
.H 129 36 209
.H 209 37 219
.H 232 37 248
.H 219 38 232
.H 248 38 254
.V 44 0 20
.V 47 20 21
.V 48 21 22
.V 51 22 23
.V 53 23 77
.V 53 23 24
.V 57 24 25
.V 60 25 26
.V 61 26 27
.V 65 27 28
.V 66 28 29
.V 67 29 30
.V 68 30 31
.V 70 31 32
.V 72 32 33
.V 75 33 34
.V 122 34 35
.V 129 35 36
.V 209 36 37
.V 219 37 38
.V 232 38 77
.V 232 37 38
.V 240 0 37
.V 248 37 38
.V 254 38 77
.end
.begin 11
.H 117 28 121
.H 121 29 122
.H 122 30 125
.H 125 31 126
.H 126 32 128
.H 128 33 137
.H 137 34 194
.V 117 0 27
.V 117 27 28
.V 121 28 29
.V 122 29 30
.V 125 30 31
.V 126 31 32
.V 128 32 33
.V 137 33 34
.V 194 34 77
.end
.begin 12
.H 82 47 83
.H 80 48 82
.H 52 49 80
.H 48 50 52
.H 47 51 48
.H 43 52 47
.H 42 53 43
.H 41 54 42
.H 40 55 41
.H 39 56 40
.H 38 57 39
.H 37 58 38
.H 35 59 37
.H 32 60 35
.H 30 61 32
.V 30 61 77
.V 32 60 61
.V 35 59 60
.V 37 58 59
.V 38 57 58
.V 39 56 57
.V 40 55 56
.V 41 54 55
.V 42 53 54
.V 43 52 53
.V 47 51 52
.V 48 50 51
.V 52 49 50
.V 80 48 49
.V 82 47 48
.V 83 0 47
.end
.begin 13
.H 75 19 78
.H 70 61 78
.H 28 62 49
.H 54 62 70
.H 20 63 28
.H 49 63 54
.V 20 63 77
.V 28 62 63
.V 33 0 62
.V 49 62 77
.V 49 62 63
.V 52 63 77
.V 54 0 77
.V 54 62 63
.V 58 0 62
.V 69 62 77
.V 70 61 62
.V 75 0 19
.V 78 19 61
.end
.begin 14
.H 10 7 256
.H 65 66 256
.V 10 0 7
.V 65 66 77
.V 256 7 66
.end
.begin 15
.H 208 18 212
.H 203 43 218
.H 190 44 191
.H 196 44 203
.H 218 44 219
.H 191 45 196
.V 190 0 43
.V 190 43 44
.V 191 44 45
.V 196 45 77
.V 196 44 45
.V 203 43 44
.V 208 0 18
.V 211 43 77
.V 212 43 77
.V 212 18 43
.V 218 43 77
.V 218 43 44
.V 219 44 77
.end
.begin 16
.H 61 19 63
.H 108 23 179
.H 12 68 179
.H 11 69 12
.H 9 70 11
.V 9 70 77
.V 11 70 77
.V 11 69 70
.V 12 68 69
.V 14 0 68
.V 57 68 77
.V 61 0 19
.V 63 19 68
.V 70 68 77
.V 97 68 77
.V 108 0 23
.V 179 23 68
.end
.begin 17
.H 40 60 133
.V 40 60 77
.V 133 0 60
.end
.begin 18
.H 2 2 3
.V 2 0 2
.V 3 0 77
.end
.begin 19
.H 219 29 223
.H 187 30 219
.H 223 30 232
.H 232 31 233
.H 233 32 244
.H 244 33 248
.H 248 34 251
.V 187 0 30
.V 219 29 30
.V 223 0 29
.V 223 29 30
.V 232 30 31
.V 233 31 77
.V 233 31 32
.V 244 32 33
.V 248 33 34
.V 251 34 77
.end
.begin 20
.H 144 42 174
.H 143 43 144
.H 140 44 143
.H 138 45 140
.H 137 46 138
.H 136 47 137
.H 135 48 136
.H 134 49 135
.H 131 50 134
.H 130 51 131
.V 130 52 77
.V 130 51 52
.V 131 50 51
.V 134 49 50
.V 135 48 49
.V 136 47 48
.V 137 46 47
.V 138 45 46
.V 140 44 45
.V 143 43 44
.V 144 42 43
.V 174 0 42
.end
.begin 21
.H 114 22 129
.H 104 24 107
.H 107 25 108
.H 112 25 122
.H 108 26 112
.H 129 28 202
.H 117 62 202
.V 104 0 24
.V 107 0 24
.V 107 24 25
.V 108 25 26
.V 111 26 77
.V 112 26 77
.V 112 25 26
.V 114 0 22
.V 117 62 77
.V 122 0 22
.V 122 22 25
.V 123 0 22
.V 129 0 28
.V 129 22 28
.V 133 62 77
.V 134 62 77
.V 202 28 62
.end
.begin 22
.H 181 23 221
.H 221 24 232
.H 232 25 236
.V 181 0 23
.V 221 23 24
.V 232 24 25
.V 236 25 77
.end
.begin 23
.H 12 9 272
.H 19 64 272
.V 12 0 9
.V 19 64 77
.V 272 9 64
.end
.begin 24
.H 8 5 264
.H 60 57 264
.V 8 0 5
.V 60 57 77
.V 264 5 57
.end
.begin 25
.H 137 22 224
.H 224 23 228
.V 137 0 21
.V 137 21 22
.V 224 22 23
.V 228 23 77
.end
.begin 26
.H 238 15 271
.H 182 68 271
.V 182 68 77
.V 238 0 15
.V 271 15 68
.end
.begin 27
.H 171 24 210
.H 187 52 217
.V 171 0 24
.V 176 0 77
.V 183 24 77
.V 187 52 77
.V 205 0 24
.V 210 0 24
.V 210 24 52
.V 217 52 77
.end
.begin 28
.H 111 20 141
.H 93 21 111
.H 139 52 141
.V 93 0 21
.V 96 0 23
.V 96 21 23
.V 111 20 21
.V 118 0 20
.V 132 0 20
.V 139 52 77
.V 141 52 77
.V 141 20 52
.end
.begin 29
.H 116 11 259
.H 102 24 103
.H 103 25 104
.H 104 26 107
.H 113 26 145
.H 107 27 108
.H 109 27 113
.H 108 28 109
.H 153 60 259
.V 102 0 23
.V 102 23 24
.V 103 24 25
.V 104 25 26
.V 107 26 27
.V 108 27 28
.V 109 28 77
.V 109 27 28
.V 113 26 27
.V 116 0 11
.V 124 26 77
.V 145 11 26
.V 150 0 11
.V 153 60 77
.V 160 60 77
.V 165 0 11
.V 169 60 77
.V 259 11 60
.end
.begin 30
.H 145 49 148
.V 145 49 77
.V 148 0 27
.V 148 27 49
.end
.begin 31
.H 30 16 32
.H 32 17 35
.H 35 18 37
.H 37 19 38
.H 38 20 39
.H 39 21 40
.H 112 21 118
.H 40 22 41
.H 41 23 42
.H 42 24 43
.H 43 25 44
.H 44 26 47
.H 47 27 48
.H 48 28 56
.H 56 29 57
.H 57 30 60
.H 60 31 61
.H 61 32 65
.H 65 33 66
.H 66 34 67
.H 67 35 68
.H 68 36 118
.V 30 0 15
.V 30 15 16
.V 32 16 17
.V 35 17 18
.V 37 18 19
.V 38 19 20
.V 39 20 21
.V 40 21 22
.V 41 22 23
.V 42 23 24
.V 43 24 25
.V 44 25 26
.V 47 26 27
.V 48 27 28
.V 56 28 29
.V 57 29 30
.V 60 30 31
.V 61 31 32
.V 65 32 33
.V 66 33 34
.V 67 34 35
.V 68 35 36
.V 75 36 77
.V 90 36 77
.V 112 0 21
.V 118 36 77
.V 118 21 36
.end
.begin 32
.H 119 21 132
.H 41 59 132
.V 41 59 77
.V 48 59 77
.V 74 0 59
.V 84 59 77
.V 86 59 77
.V 119 0 21
.V 132 21 59
.end
.begin 33
.H 193 27 266
.H 201 70 266
.V 193 0 27
.V 194 0 27
.V 195 0 27
.V 196 0 27
.V 198 0 27
.V 199 0 27
.V 200 0 77
.V 201 70 77
.V 202 70 77
.V 206 70 77
.V 266 27 70
.end
.begin 34
.H 121 24 168
.H 97 45 123
.H 92 46 97
.H 91 47 92
.H 89 48 91
.H 88 49 89
.H 86 50 88
.H 85 51 86
.H 84 52 85
.H 148 52 149
.H 83 53 84
.H 82 54 83
.H 81 55 82
.H 77 56 81
.V 77 56 77
.V 81 0 77
.V 81 55 56
.V 82 54 55
.V 83 53 54
.V 84 52 53
.V 85 51 52
.V 86 50 51
.V 88 0 50
.V 88 49 50
.V 89 48 49
.V 91 47 48
.V 92 0 47
.V 92 46 47
.V 97 45 46
.V 120 0 45
.V 121 0 24
.V 123 24 45
.V 135 0 24
.V 138 0 24
.V 148 52 77
.V 149 0 24
.V 149 24 52
.V 161 0 24
.V 168 0 77
.end
.begin 35
.H 53 15 64
.H 68 19 70
.H 37 61 69
.V 37 61 77
.V 46 0 77
.V 47 61 77
.V 49 0 61
.V 53 0 15
.V 56 61 77
.V 63 0 15
.V 64 61 77
.V 64 15 61
.V 66 61 77
.V 68 0 19
.V 69 19 61
.V 70 0 19
.end
.begin 36
.H 243 24 269
.H 229 62 269
.V 229 62 77
.V 243 0 24
.V 269 24 62
.end
.begin 37
.H 135 44 136
.H 134 45 135
.H 131 46 134
.H 130 47 131
.H 129 48 130
.H 126 49 129
.H 125 50 126
.H 123 51 125
.H 122 52 123
.V 122 53 77
.V 122 52 53
.V 123 51 52
.V 125 50 51
.V 126 49 50
.V 129 48 49
.V 130 47 48
.V 131 46 47
.V 134 45 46
.V 135 44 45
.V 136 0 21
.V 136 21 44
.end
.begin 38
.H 106 17 263
.H 63 69 263
.V 63 69 77
.V 82 69 77
.V 83 69 77
.V 106 0 17
.V 132 69 77
.V 152 69 77
.V 179 69 77
.V 183 0 17
.V 263 17 69
.end
.begin 39
.H 1 1 268
.H 80 61 268
.V 1 0 1
.V 80 61 77
.V 268 1 61
.end
.begin 40
.H 233 21 276
.H 210 55 276
.V 210 56 77
.V 210 55 56
.V 233 0 21
.V 276 21 55
.end
.begin 41
.H 234 23 248
.H 201 41 242
.H 189 42 201
.H 172 55 201
.V 172 55 77
.V 175 0 77
.V 189 0 42
.V 201 42 55
.V 201 41 42
.V 218 0 41
.V 234 0 23
.V 242 23 41
.V 248 0 28
.V 248 23 28
.end
.begin 42
.H 155 26 258
.H 76 76 258
.V 76 76 77
.V 155 0 26
.V 258 26 76
.end
.begin 43
.H 19 13 31
.H 24 62 27
.H 29 63 31
.V 19 0 13
.V 20 0 13
.V 22 0 13
.V 23 13 77
.V 24 62 77
.V 25 0 13
.V 26 0 13
.V 27 0 13
.V 27 13 62
.V 28 0 13
.V 29 63 77
.V 31 63 77
.V 31 13 63
.end
.begin 44
.H 144 27 147
.H 143 52 147
.V 143 52 77
.V 144 0 27
.V 147 27 52
.end
.begin 45
.H 16 11 79
.H 13 69 62
.H 12 70 13
.V 12 70 77
.V 13 0 70
.V 13 69 70
.V 16 0 11
.V 22 69 77
.V 28 69 77
.V 36 0 11
.V 38 0 11
.V 42 69 77
.V 62 11 69
.V 66 0 11
.V 67 0 11
.V 79 0 11
.end
.begin 46
.H 247 25 249
.H 241 42 249
.H 240 43 241
.H 230 44 240
.H 213 45 230
.H 209 46 213
.H 191 47 209
.H 190 48 191
.H 189 49 190
.H 188 50 189
.V 188 51 77
.V 188 50 51
.V 189 49 50
.V 190 48 49
.V 191 47 48
.V 209 46 47
.V 213 45 46
.V 230 44 45
.V 240 43 44
.V 241 42 43
.V 247 0 25
.V 249 25 42
.end
.begin 47
.H 91 43 130
.H 89 44 91
.H 86 45 89
.H 85 46 86
.H 84 47 85
.H 83 48 84
.H 82 49 83
.H 57 50 82
.H 56 51 57
.H 52 52 56
.H 48 53 52
.H 47 54 48
.H 43 55 47
.H 42 56 43
.H 41 57 42
.H 40 58 41
.H 39 59 40
.V 39 60 77
.V 39 59 60
.V 40 58 59
.V 41 57 58
.V 42 56 57
.V 43 55 56
.V 47 54 55
.V 48 53 54
.V 52 52 53
.V 56 51 52
.V 57 50 51
.V 82 49 50
.V 83 48 49
.V 84 47 48
.V 85 46 47
.V 86 45 46
.V 89 44 45
.V 91 43 44
.V 130 0 43
.end
.begin 48
.H 140 21 160
.H 125 54 167
.V 125 54 77
.V 126 54 77
.V 127 54 77
.V 135 54 77
.V 137 54 77
.V 140 0 21
.V 143 0 21
.V 149 54 77
.V 160 0 21
.V 160 21 54
.V 164 0 77
.V 167 54 77
.end
.begin 49
.H 5 2 260
.H 43 58 260
.V 5 0 2
.V 43 58 77
.V 260 2 58
.end
.begin 50
.H 6 3 265
.H 5 74 265
.V 5 74 77
.V 6 0 3
.V 265 3 74
.end
.begin 51
.H 227 18 255
.H 138 59 255
.V 138 59 77
.V 227 0 18
.V 255 18 59
.end
.begin 52
.H 192 15 222
.H 188 31 222
.V 188 0 31
.V 192 0 15
.V 193 31 77
.V 205 31 77
.V 206 0 15
.V 208 31 77
.V 212 0 15
.V 216 0 15
.V 221 31 77
.V 222 31 77
.V 222 15 31
.V 222 30 31
.end
.begin 53
.H 41 17 105
.H 96 55 105
.V 41 0 17
.V 69 0 17
.V 96 55 77
.V 105 17 55
.end
.begin 54
.H 11 8 59
.H 17 66 61
.V 11 0 8
.V 17 66 77
.V 18 0 13
.V 18 8 13
.V 23 0 8
.V 38 66 77
.V 45 66 77
.V 59 0 77
.V 59 8 66
.V 61 66 77
.end
.begin 55
.H 17 12 152
.H 136 60 152
.V 17 0 12
.V 36 12 77
.V 136 60 77
.V 152 12 60
.end
.begin 56
.H 153 12 252
.H 241 52 252
.V 153 0 12
.V 241 52 77
.V 252 12 52
.end
.begin 57
.H 204 29 215
.H 203 62 226
.V 203 62 77
.V 204 0 29
.V 209 62 77
.V 213 62 77
.V 215 0 77
.V 215 29 62
.V 216 62 77
.V 220 62 77
.V 225 0 77
.V 226 0 62
.end
.begin 58
.H 224 15 237
.H 203 28 237
.H 173 29 203
.H 172 53 173
.H 169 54 172
.H 106 55 169
.V 106 55 77
.V 147 55 77
.V 169 54 55
.V 172 53 54
.V 173 0 29
.V 173 29 53
.V 203 0 29
.V 203 28 29
.V 224 0 15
.V 237 15 28
.end
.begin 59
.H 103 23 106
.H 101 48 106
.H 100 49 101
.H 98 50 100
.H 97 51 98
.H 96 52 97
.H 92 53 96
.H 91 54 92
.H 89 55 91
.V 89 56 77
.V 89 55 56
.V 91 54 55
.V 92 53 54
.V 96 52 53
.V 97 51 52
.V 98 50 51
.V 100 49 50
.V 101 48 49
.V 103 0 23
.V 106 23 48
.end
.begin 60
.H 35 15 50
.H 2 76 73
.V 2 76 77
.V 10 76 77
.V 35 0 15
.V 39 0 15
.V 50 76 77
.V 50 15 76
.V 62 76 77
.V 71 0 77
.V 73 76 77
.end
.begin 61
.H 9 6 270
.H 18 65 270
.V 9 0 6
.V 18 65 77
.V 34 65 77
.V 270 6 65
.end
.begin 62
.H 97 24 98
.H 98 25 100
.H 100 26 102
.H 102 27 103
.H 103 28 104
.V 97 0 23
.V 97 23 24
.V 98 24 25
.V 100 25 26
.V 102 26 27
.V 103 27 77
.V 103 27 28
.V 104 28 77
.end
.begin 63
.H 86 11 115
.H 72 62 115
.V 72 62 77
.V 73 0 62
.V 78 62 77
.V 85 62 77
.V 86 0 11
.V 94 0 11
.V 98 62 77
.V 101 62 77
.V 105 62 77
.V 110 62 77
.V 115 0 11
.V 115 11 62
.end
.begin 64
.H 28 53 29
.H 26 54 28
.H 25 55 26
.H 24 56 25
.H 22 57 24
.H 21 58 22
.H 20 59 21
.H 19 60 20
.H 18 61 19
.H 17 62 18
.H 16 63 17
.H 15 64 16
.H 12 65 15
.H 11 66 12
.H 10 67 11
.H 9 68 10
.H 8 69 9
.H 7 70 8
.H 6 71 7
.H 5 72 6
.H 4 73 5
.H 2 74 4
.H 0 75 2
.V 0 76 77
.V 0 75 76
.V 2 74 75
.V 4 73 74
.V 5 72 73
.V 6 71 72
.V 7 70 71
.V 8 69 70
.V 9 68 69
.V 10 67 68
.V 11 66 67
.V 12 65 66
.V 15 64 65
.V 16 63 64
.V 17 62 63
.V 18 61 62
.V 19 60 61
.V 20 59 60
.V 21 58 59
.V 22 57 58
.V 24 56 57
.V 25 55 56
.V 26 54 55
.V 28 53 54
.V 29 0 15
.V 29 15 53
.end
.begin 65
.H 209 44 217
.H 207 45 209
.H 157 46 158
.H 177 46 207
.H 138 47 139
.H 156 47 157
.H 158 47 167
.H 174 47 177
.H 137 48 138
.H 139 48 140
.H 155 48 156
.H 167 48 169
.H 171 48 174
.H 136 49 137
.H 140 49 143
.H 150 49 155
.H 169 49 171
.H 135 50 136
.H 143 50 150
.H 134 51 135
.H 131 52 134
.V 131 52 77
.V 134 51 52
.V 135 50 51
.V 136 49 50
.V 137 48 49
.V 138 47 48
.V 139 0 21
.V 139 21 47
.V 139 47 48
.V 140 48 49
.V 143 49 50
.V 150 50 77
.V 150 49 50
.V 155 48 49
.V 156 47 48
.V 157 46 47
.V 158 0 46
.V 158 46 47
.V 167 47 48
.V 169 48 49
.V 171 49 77
.V 171 48 49
.V 174 47 48
.V 177 46 47
.V 178 0 46
.V 207 0 77
.V 207 45 46
.V 209 44 45
.V 213 0 44
.V 217 0 44
.end
.begin 66
.H 211 24 220
.H 203 48 220
.H 191 49 203
.V 191 49 77
.V 203 48 49
.V 211 0 24
.V 220 24 48
.end
.begin 67
.H 147 25 231
.V 147 0 25
.V 167 0 25
.V 181 25 77
.V 224 25 77
.V 231 25 77
.end
.begin 68
.H 220 52 229
.H 174 53 220
.V 174 53 77
.V 195 53 77
.V 220 52 53
.V 229 0 52
.end
.begin 69
.H 89 21 90
.H 90 22 93
.H 94 22 113
.H 93 23 94
.H 113 24 119
.V 89 0 20
.V 89 20 21
.V 90 21 22
.V 93 22 77
.V 93 22 23
.V 94 23 77
.V 94 22 23
.V 98 0 22
.V 100 0 22
.V 113 0 24
.V 113 22 24
.V 114 24 77
.V 116 24 77
.V 119 24 77
.end
.begin 70
.H 90 20 110
.H 91 56 110
.V 90 0 20
.V 91 56 77
.V 92 56 77
.V 110 20 56
.end
.begin 71
.H 220 21 228
.H 228 22 231
.H 231 23 233
.H 233 24 234
.V 220 0 20
.V 220 20 21
.V 228 21 22
.V 231 22 23
.V 233 23 24
.V 234 24 77
.end
.begin 72
.H 219 18 224
.H 224 19 261
.H 230 56 261
.V 219 0 18
.V 224 18 19
.V 230 56 77
.V 261 19 56
.end
.begin 73
.H 126 51 127
.H 125 52 126
.H 123 53 125
.H 107 54 123
.V 107 54 77
.V 108 54 77
.V 120 54 77
.V 123 54 77
.V 123 53 54
.V 125 52 53
.V 126 51 52
.V 127 0 51
.V 127 51 52
.end
.begin 74
.H 177 42 182
.H 170 43 177
.H 157 44 170
.H 156 45 157
.H 155 46 156
.H 151 47 155
.H 146 48 151
.V 146 48 77
.V 151 0 77
.V 151 47 48
.V 155 46 47
.V 156 45 46
.V 157 44 45
.V 170 0 44
.V 170 43 44
.V 177 0 43
.V 177 42 43
.V 180 0 42
.V 182 0 42
.end
.begin 75
.H 40 18 41
.H 41 19 42
.H 42 20 43
.H 43 21 44
.H 44 22 47
.H 47 23 48
.H 48 24 51
.H 51 25 56
.H 56 26 57
.H 57 27 60
.H 60 28 61
.H 61 29 65
.H 65 30 66
.H 66 31 67
.H 67 32 68
.H 68 33 70
.H 70 34 72
.H 72 35 121
.H 121 36 128
.V 40 0 17
.V 40 17 18
.V 41 18 19
.V 42 19 20
.V 43 20 21
.V 44 21 22
.V 47 22 23
.V 48 23 24
.V 51 24 77
.V 51 24 25
.V 56 25 26
.V 57 26 27
.V 60 27 28
.V 61 28 29
.V 65 29 30
.V 66 30 31
.V 67 31 32
.V 68 32 33
.V 70 33 34
.V 72 34 35
.V 87 35 77
.V 91 0 21
.V 91 21 35
.V 95 35 77
.V 101 0 35
.V 102 35 77
.V 121 35 77
.V 121 35 36
.V 128 36 77
.end
.begin 76
.H 37 16 277
.H 6 73 277
.V 6 73 77
.V 37 0 16
.V 277 16 73
.end
.begin 77
.H 42 18 206
.H 113 56 206
.V 42 0 18
.V 78 0 18
.V 87 0 18
.V 99 18 77
.V 113 56 77
.V 206 18 56
.end
.begin 78
.H 60 8 62
.H 43 19 60
.H 32 63 45
.V 32 63 77
.V 34 0 63
.V 35 63 77
.V 43 0 19
.V 45 0 19
.V 45 19 63
.V 48 0 19
.V 55 0 77
.V 56 0 19
.V 60 0 8
.V 60 8 19
.V 62 0 8
.end
.begin 79
.H 79 19 216
.H 76 20 79
.H 190 50 216
.V 76 0 20
.V 79 19 20
.V 124 0 19
.V 154 19 77
.V 190 50 77
.V 216 19 50
.end
.begin 80
.H 184 31 187
.H 187 32 196
.H 196 33 198
.H 198 34 214
.H 214 35 244
.V 184 0 30
.V 184 30 31
.V 187 31 32
.V 196 32 33
.V 198 33 77
.V 198 33 34
.V 214 34 35
.V 223 35 77
.V 244 35 77
.end
.begin 81
.H 209 32 223
.H 223 33 243
.H 243 34 247
.V 209 0 32
.V 223 32 33
.V 243 33 34
.V 247 34 77
.end
.begin 82
.H 21 14 267
.H 7 72 267
.V 7 72 77
.V 21 0 14
.V 85 0 14
.V 88 72 77
.V 99 0 14
.V 100 72 77
.V 109 0 14
.V 111 0 14
.V 115 72 77
.V 131 0 14
.V 267 14 72
.end
.begin 83
.H 232 20 250
.H 248 53 250
.V 232 0 20
.V 235 0 77
.V 236 0 20
.V 238 20 77
.V 239 0 77
.V 242 0 20
.V 245 0 20
.V 246 0 77
.V 248 53 77
.V 249 53 77
.V 250 53 77
.V 250 20 53
.end
.begin 84
.H 65 15 153
.H 129 53 158
.V 65 0 15
.V 125 0 15
.V 129 53 77
.V 153 15 53
.V 158 53 77
.end
.begin 85
.H 32 13 257
.H 15 67 257
.V 15 67 77
.V 27 67 77
.V 32 0 13
.V 77 0 13
.V 80 0 13
.V 95 0 13
.V 257 13 67
.end
.begin 86
.H 156 43 169
.H 155 44 156
.H 150 45 155
.H 146 46 150
.H 145 47 146
.H 144 48 145
.V 144 49 77
.V 144 48 49
.V 145 47 48
.V 146 46 47
.V 150 45 46
.V 155 44 45
.V 156 43 44
.V 169 0 43
.end
.begin 87
.H 166 30 167
.H 167 31 171
.H 171 32 184
.H 184 33 195
.H 189 51 230
.H 230 52 240
.H 240 53 245
.V 166 0 29
.V 166 29 30
.V 167 30 31
.V 171 31 32
.V 184 32 33
.V 189 51 77
.V 195 33 51
.V 230 51 52
.V 240 52 53
.V 245 53 77
.end
.begin 88
.H 170 50 172
.H 140 51 170
.V 140 51 77
.V 157 51 77
.V 170 51 77
.V 170 50 51
.V 172 0 50
.end
.begin 89
.H 65 41 134
.H 61 42 65
.H 60 43 61
.H 57 44 60
.H 56 45 57
.H 48 46 56
.H 47 47 48
.H 43 48 47
.H 42 49 43
.H 41 50 42
.H 40 51 41
.H 39 52 40
.H 38 53 39
.H 37 54 38
.H 35 55 37
.H 32 56 35
.H 30 57 32
.H 29 58 30
.H 28 59 29
.H 26 60 28
.V 26 60 77
.V 28 59 60
.V 29 58 59
.V 30 57 58
.V 32 56 57
.V 35 55 56
.V 37 54 55
.V 38 53 54
.V 39 52 53
.V 40 51 52
.V 41 50 51
.V 42 49 50
.V 43 48 49
.V 47 47 48
.V 48 46 47
.V 56 45 46
.V 57 44 45
.V 60 43 44
.V 61 42 43
.V 65 41 42
.V 134 0 41
.end
.begin 90
.H 128 27 131
.H 96 44 131
.H 91 45 96
.H 89 46 91
.H 86 47 89
.H 85 48 86
.H 84 49 85
.H 83 50 84
.H 77 51 83
.H 76 52 77
.H 72 53 76
.H 70 54 72
.H 67 55 70
.V 67 56 77
.V 67 55 56
.V 70 54 55
.V 72 53 54
.V 76 52 53
.V 77 51 52
.V 83 50 51
.V 84 49 50
.V 85 48 49
.V 86 47 48
.V 89 46 47
.V 91 45 46
.V 96 44 45
.V 128 0 27
.V 131 27 44
.end
.begin 91
.H 126 25 146
.H 146 26 150
.H 150 27 192
.V 126 0 25
.V 146 25 26
.V 150 26 27
.V 192 27 77
.end
.begin 92
.H 244 25 245
.H 242 50 245
.V 242 51 77
.V 242 50 51
.V 244 0 25
.V 245 25 50
.end
.begin 93
.H 156 29 159
.H 159 30 161
.H 161 31 162
.H 162 32 163
.H 163 33 166
.V 156 0 29
.V 157 0 29
.V 159 0 77
.V 159 29 30
.V 161 30 77
.V 161 30 31
.V 162 31 77
.V 162 31 32
.V 163 32 77
.V 163 32 33
.V 165 33 77
.V 166 33 77
.end
.begin 94
.H 231 21 232
.H 232 22 253
.V 231 0 20
.V 231 20 21
.V 232 21 22
.V 253 22 77
.end
.begin 95
.H 7 4 273
.H 4 75 273
.V 4 75 77
.V 7 0 4
.V 273 4 75
.end
.begin 96
.H 154 15 191
.H 155 52 186
.V 154 0 15
.V 155 52 77
.V 156 52 77
.V 177 52 77
.V 178 52 77
.V 180 52 77
.V 185 0 15
.V 186 0 15
.V 186 15 52
.V 191 0 15
.end
.begin 97
.H 219 19 221
.H 142 20 219
.H 221 20 228
.V 142 0 77
.V 185 20 77
.V 219 19 20
.V 221 0 19
.V 221 19 20
.V 227 20 77
.V 228 0 20
.end
.begin 98
.H 201 33 219
.H 219 34 237
.V 201 0 32
.V 201 32 33
.V 219 33 34
.V 237 34 77
.end
.begin 99
.H 0 2 1
.V 0 0 1
.V 0 1 2
.V 1 2 77
.end
.begin 100
.H 240 38 241
.H 60 39 240
.H 57 40 60
.H 56 41 57
.H 48 42 56
.H 47 43 48
.H 43 44 47
.H 42 45 43
.H 41 46 42
.H 40 47 41
.H 39 48 40
.H 38 49 39
.H 37 50 38
.H 35 51 37
.H 32 52 35
.H 30 53 32
.H 29 54 30
.H 28 55 29
.H 26 56 28
.H 25 57 26
.H 24 58 25
.H 22 59 24
.H 21 60 22
.H 20 61 21
.H 19 62 20
.H 18 63 19
.H 17 64 18
.H 16 65 17
.V 16 66 77
.V 16 65 66
.V 17 64 65
.V 18 63 64
.V 19 62 63
.V 20 61 62
.V 21 60 61
.V 22 59 60
.V 24 58 59
.V 25 57 58
.V 26 56 57
.V 28 55 56
.V 29 54 55
.V 30 53 54
.V 32 52 53
.V 35 51 52
.V 37 50 51
.V 38 49 50
.V 39 48 49
.V 40 47 48
.V 41 46 47
.V 42 45 46
.V 43 44 45
.V 47 43 44
.V 48 42 43
.V 56 41 42
.V 57 40 41
.V 60 39 40
.V 240 38 39
.V 241 0 24
.V 241 24 38
.end
