.begin 1
.V 14 20 61
.V 14 15 20
.V 32 13 15
.V 95 11 13
.V 116 9 11
.V 197 0 9
.H 116 9 197
.H 95 11 116
.H 32 13 95
.H 14 15 32
.end
.begin 2
.V 4 0 29
.V 135 29 32
.V 208 32 33
.V 214 33 61
.H 4 29 135
.H 135 32 208
.H 208 33 214
.end
.begin 3
.V 25 44 61
.V 25 44 45
.V 51 0 22
.V 51 22 23
.V 52 0 23
.V 52 23 24
.V 53 24 45
.V 68 45 61
.V 79 45 61
.V 82 0 45
.V 162 0 17
.V 169 45 46
.V 184 26 61
.V 184 17 26
.V 184 17 46
.V 202 0 17
.V 214 0 17
.H 162 17 214
.H 51 23 52
.H 52 24 53
.H 25 45 169
.H 169 46 184
.end
.begin 4
.V 57 0 20
.V 57 20 24
.V 95 24 25
.V 109 25 26
.V 120 26 27
.V 136 27 30
.V 214 30 32
.V 218 32 33
.V 243 41 61
.V 243 33 41
.H 57 24 95
.H 95 25 109
.H 109 26 120
.H 120 27 136
.H 136 30 214
.H 214 32 218
.H 218 33 243
.end
.begin 5
.V 8 20 61
.V 8 13 20
.V 31 11 13
.V 92 9 11
.V 104 7 9
.V 249 0 7
.H 104 7 249
.H 92 9 104
.H 31 11 92
.H 8 13 31
.end
.begin 6
.V 15 0 44
.V 15 44 48
.V 31 0 3
.V 47 0 3
.V 50 0 3
.V 50 3 48
.V 152 0 48
.V 173 48 61
.V 179 0 48
.V 252 48 61
.H 31 3 50
.H 15 48 252
.end
.begin 7
.V 58 37 61
.V 58 37 40
.V 64 0 40
.V 72 0 27
.V 76 27 40
.V 84 0 40
.V 105 0 9
.V 110 0 9
.V 114 9 40
.V 141 0 6
.V 141 6 40
.V 145 0 22
.V 145 22 23
.V 146 0 15
.V 148 15 23
.V 148 23 40
.V 163 0 40
.V 169 40 43
.V 186 43 61
.V 222 0 43
.V 222 43 44
.V 226 44 61
.V 233 42 44
.V 237 0 18
.V 237 18 42
.H 105 9 114
.H 146 15 148
.H 145 23 148
.H 72 27 76
.H 58 40 169
.H 233 42 237
.H 169 43 222
.H 222 44 233
.end
.begin 8
.V 24 0 16
.V 44 53 61
.V 44 53 55
.V 61 16 55
.V 62 55 57
.V 100 57 59
.V 199 59 61
.V 204 59 61
.H 24 16 61
.H 44 55 62
.H 62 57 100
.H 100 59 204
.end
.begin 9
.V 21 22 61
.V 21 18 22
.V 110 15 18
.V 120 11 15
.V 198 9 11
.V 230 0 9
.H 198 9 230
.H 120 11 198
.H 110 15 120
.H 21 18 110
.end
.begin 10
.V 44 0 34
.V 44 34 36
.V 52 36 38
.V 53 54 61
.V 57 38 54
.V 70 54 55
.V 232 42 61
.V 232 42 55
.V 240 0 55
.V 254 55 61
.H 44 36 52
.H 52 38 57
.H 53 54 70
.H 70 55 254
.end
.begin 11
.V 117 0 18
.V 134 18 19
.V 194 19 61
.H 117 18 134
.H 134 19 194
.end
.begin 12
.V 30 40 61
.V 30 33 40
.V 78 32 33
.V 83 0 32
.H 78 32 83
.H 30 33 78
.end
.begin 13
.V 20 35 61
.V 24 35 39
.V 29 39 42
.V 33 0 42
.V 33 42 43
.V 36 43 44
.V 49 44 61
.V 52 44 61
.V 54 0 61
.V 58 0 20
.V 58 20 23
.V 62 23 44
.V 69 44 61
.V 70 43 44
.V 73 42 43
.V 75 0 22
.V 79 22 42
.H 75 22 79
.H 58 23 62
.H 20 35 24
.H 24 39 29
.H 29 42 33
.H 73 42 79
.H 33 43 36
.H 70 43 73
.H 36 44 70
.end
.begin 14
.V 10 0 21
.V 16 21 26
.V 20 26 27
.V 65 38 61
.V 66 27 38
.H 10 21 16
.H 16 26 20
.H 20 27 66
.H 65 38 66
.end
.begin 15
.V 190 0 26
.V 196 26 61
.V 202 26 27
.V 208 0 27
.V 211 27 61
.V 212 36 61
.V 212 27 36
.V 218 36 61
.V 219 36 61
.H 190 26 202
.H 202 27 212
.H 212 36 219
.end
.begin 16
.V 9 39 61
.V 9 39 58
.V 11 53 61
.V 11 53 58
.V 14 0 3
.V 14 3 5
.V 57 58 61
.V 61 0 5
.V 70 58 61
.V 79 5 7
.V 88 7 58
.V 88 58 59
.V 97 43 61
.V 97 43 59
.V 108 0 13
.V 116 13 43
.H 14 5 79
.H 79 7 88
.H 108 13 116
.H 97 43 116
.H 9 58 88
.H 88 59 97
.end
.begin 17
.V 40 30 61
.V 133 0 30
.H 40 30 133
.end
.begin 18
.V 2 0 29
.V 2 29 45
.V 3 0 61
.H 2 45 3
.end
.begin 19
.V 187 0 46
.V 223 0 20
.V 233 46 61
.V 234 20 21
.V 251 46 61
.V 251 21 61
.V 251 21 46
.H 223 20 234
.H 234 21 251
.H 187 46 251
.end
.begin 20
.V 130 23 61
.V 134 21 23
.V 156 20 21
.V 174 0 39
.V 174 20 39
.H 156 20 174
.H 134 21 156
.H 130 23 134
.end
.begin 21
.V 104 0 4
.V 107 0 4
.V 111 24 61
.V 112 17 61
.V 112 17 24
.V 114 0 4
.V 117 24 61
.V 122 0 38
.V 122 4 24
.V 122 24 38
.V 123 0 15
.V 123 15 17
.V 129 0 17
.V 129 17 38
.V 133 38 61
.V 134 30 61
.V 134 30 38
.H 104 4 122
.H 123 17 129
.H 111 24 122
.H 122 38 134
.end
.begin 22
.V 181 0 25
.V 205 25 26
.V 214 26 27
.V 219 27 29
.V 220 29 30
.V 232 30 32
.V 236 32 61
.H 181 25 205
.H 205 26 214
.H 214 27 219
.H 219 29 220
.H 220 30 232
.H 232 32 236
.end
.begin 23
.V 12 0 36
.V 12 36 43
.V 16 43 46
.V 19 44 61
.V 19 44 46
.H 12 43 16
.H 16 46 19
.end
.begin 24
.V 8 0 3
.V 8 3 6
.V 53 6 7
.V 60 7 61
.H 8 6 53
.H 53 7 60
.end
.begin 25
.V 137 0 25
.V 138 25 27
.V 172 27 29
.V 218 29 30
.V 219 30 32
.V 228 32 61
.H 137 25 138
.H 138 27 172
.H 172 29 218
.H 218 30 219
.H 219 32 228
.end
.begin 26
.V 182 41 61
.V 238 0 9
.V 238 9 41
.H 182 41 238
.end
.begin 27
.V 171 0 23
.V 176 0 61
.V 183 36 61
.V 183 23 36
.V 187 54 61
.V 197 36 54
.V 205 0 22
.V 205 22 23
.V 210 0 11
.V 217 54 61
.V 230 11 23
.V 254 11 54
.H 210 11 254
.H 171 23 183
.H 205 23 230
.H 183 36 197
.H 187 54 254
.end
.begin 28
.V 93 0 4
.V 95 4 5
.V 96 0 33
.V 96 5 33
.V 118 0 33
.V 132 0 33
.V 139 33 61
.V 141 42 61
.V 147 33 42
.H 93 4 95
.H 95 5 96
.H 96 33 147
.H 141 42 147
.end
.begin 29
.V 102 0 4
.V 102 4 5
.V 109 57 61
.V 116 0 5
.V 124 57 61
.V 150 0 5
.V 153 25 61
.V 153 25 57
.V 160 57 61
.V 165 0 5
.V 169 57 61
.V 255 5 57
.H 102 5 255
.H 109 57 255
.end
.begin 30
.V 145 26 61
.V 145 25 26
.V 148 0 6
.V 150 6 25
.H 148 6 150
.H 145 25 150
.end
.begin 31
.V 30 0 32
.V 75 38 61
.V 75 32 38
.V 90 53 61
.V 90 38 53
.V 112 0 16
.V 118 53 61
.V 121 16 53
.H 112 16 121
.H 30 32 75
.H 75 38 90
.H 90 53 121
.end
.begin 32
.V 41 40 61
.V 47 40 41
.V 48 40 61
.V 48 40 41
.V 74 0 41
.V 84 41 61
.V 86 41 61
.V 119 0 41
.H 41 40 47
.H 47 41 119
.end
.begin 33
.V 193 0 6
.V 194 0 6
.V 195 0 6
.V 196 0 6
.V 198 0 6
.V 199 0 6
.V 200 0 61
.V 201 40 61
.V 202 40 61
.V 206 40 61
.V 250 6 40
.H 193 6 250
.H 201 40 250
.end
.begin 34
.V 77 4 61
.V 80 4 6
.V 81 0 61
.V 88 0 6
.V 92 0 6
.V 120 0 6
.V 121 0 6
.V 135 0 6
.V 138 0 24
.V 138 6 24
.V 148 42 61
.V 149 0 24
.V 149 24 42
.V 161 0 22
.V 168 0 61
.V 168 22 42
.H 77 4 80
.H 80 6 138
.H 161 22 168
.H 138 24 149
.H 148 42 168
.end
.begin 35
.V 37 36 61
.V 37 36 41
.V 44 41 42
.V 46 0 61
.V 47 42 61
.V 49 0 42
.V 53 0 3
.V 56 23 61
.V 56 23 42
.V 63 0 3
.V 63 3 42
.V 64 42 61
.V 66 55 61
.V 66 42 55
.V 68 0 42
.V 70 0 42
.H 53 3 63
.H 37 41 44
.H 44 42 70
.end
.begin 36
.V 229 45 61
.V 243 0 23
.V 252 23 45
.H 243 23 252
.H 229 45 252
.end
.begin 37
.V 122 53 61
.V 136 0 17
.V 160 17 53
.H 136 17 160
.H 122 53 160
.end
.begin 38
.V 63 53 61
.V 73 53 54
.V 82 54 61
.V 83 54 61
.V 106 0 35
.V 106 35 36
.V 109 36 54
.V 132 54 61
.V 152 54 61
.V 179 54 61
.V 183 0 20
.V 185 20 54
.H 183 20 185
.H 106 36 109
.H 63 53 73
.H 73 54 185
.end
.begin 39
.V 1 0 1
.V 1 1 9
.V 80 9 61
.H 1 9 80
.end
.begin 40
.V 210 21 61
.V 233 0 21
.H 210 21 233
.end
.begin 41
.V 172 41 61
.V 172 41 42
.V 175 0 61
.V 175 39 42
.V 189 0 15
.V 195 15 39
.V 218 0 15
.V 234 0 15
.V 248 0 15
.H 189 15 248
.H 175 39 195
.H 172 42 175
.end
.begin 42
.V 76 43 61
.V 83 42 43
.V 122 41 42
.V 155 0 23
.V 157 23 41
.H 155 23 157
.H 122 41 157
.H 83 42 122
.H 76 43 83
.end
.begin 43
.V 19 0 36
.V 20 0 24
.V 22 0 24
.V 22 24 36
.V 23 36 61
.V 23 36 41
.V 24 40 61
.V 24 40 41
.V 25 0 34
.V 25 34 41
.V 26 0 1
.V 26 1 41
.V 26 41 42
.V 27 0 42
.V 27 42 43
.V 28 0 43
.V 29 43 61
.V 31 23 61
.V 31 23 43
.H 20 24 22
.H 19 36 23
.H 23 41 26
.H 26 42 27
.H 27 43 31
.end
.begin 44
.V 143 25 61
.V 144 0 6
.V 144 6 25
.H 143 25 144
.end
.begin 45
.V 12 44 61
.V 12 44 51
.V 13 0 51
.V 16 0 16
.V 16 16 20
.V 18 20 25
.V 22 51 61
.V 22 51 55
.V 23 25 26
.V 28 55 61
.V 36 0 26
.V 38 0 26
.V 38 26 55
.V 42 52 61
.V 42 52 55
.V 66 0 3
.V 67 0 20
.V 67 3 20
.V 79 0 3
.V 256 3 52
.H 66 3 256
.H 16 20 18
.H 18 25 23
.H 23 26 38
.H 12 51 22
.H 42 52 256
.H 22 55 42
.end
.begin 46
.V 188 23 61
.V 202 19 23
.V 214 18 19
.V 218 17 18
.V 247 0 17
.H 218 17 247
.H 214 18 218
.H 202 19 214
.H 188 23 202
.end
.begin 47
.V 39 20 61
.V 39 19 20
.V 130 0 22
.V 130 19 22
.H 39 19 130
.end
.begin 48
.V 125 36 61
.V 126 22 61
.V 126 22 36
.V 127 36 61
.V 135 36 61
.V 137 46 61
.V 137 36 46
.V 140 0 37
.V 143 0 15
.V 143 15 16
.V 149 46 61
.V 160 0 16
.V 164 0 61
.V 164 16 37
.V 164 37 46
.V 167 46 61
.H 143 16 164
.H 125 36 137
.H 140 37 164
.H 137 46 167
.end
.begin 49
.V 5 0 7
.V 43 37 61
.V 47 7 37
.H 5 7 47
.H 43 37 47
.end
.begin 50
.V 5 38 61
.V 5 32 38
.V 6 0 36
.V 6 32 36
.H 5 32 6
.end
.begin 51
.V 138 36 61
.V 138 35 36
.V 227 0 35
.H 138 35 227
.end
.begin 52
.V 188 0 21
.V 192 0 6
.V 192 6 21
.V 193 33 61
.V 193 21 33
.V 205 38 61
.V 205 33 38
.V 206 0 38
.V 208 38 61
.V 212 0 24
.V 216 0 24
.V 216 24 38
.V 221 44 61
.V 221 38 44
.V 221 44 45
.V 222 45 61
.H 188 21 193
.H 212 24 216
.H 193 33 205
.H 205 38 221
.H 221 45 222
.end
.begin 53
.V 41 0 2
.V 69 0 2
.V 96 34 61
.V 257 2 34
.H 41 2 257
.H 96 34 257
.end
.begin 54
.V 11 0 50
.V 11 50 52
.V 13 52 57
.V 17 39 61
.V 17 39 57
.V 18 0 3
.V 18 3 4
.V 23 0 4
.V 38 57 61
.V 45 57 61
.V 59 0 61
.V 59 4 57
.V 61 57 61
.H 18 4 59
.H 11 52 13
.H 13 57 61
.end
.begin 55
.V 17 0 37
.V 17 37 38
.V 19 38 43
.V 22 43 46
.V 36 46 61
.V 136 46 61
.H 17 38 19
.H 19 43 22
.H 22 46 136
.end
.begin 56
.V 153 0 23
.V 153 23 24
.V 211 24 25
.V 218 25 26
.V 220 26 27
.V 241 30 61
.V 241 27 30
.H 153 24 211
.H 211 25 218
.H 218 26 220
.H 220 27 241
.end
.begin 57
.V 203 44 61
.V 204 0 44
.V 209 25 61
.V 209 25 44
.V 213 59 61
.V 215 0 61
.V 215 44 59
.V 216 59 61
.V 220 44 61
.V 220 44 59
.V 225 0 61
.V 226 0 36
.V 257 36 59
.H 226 36 257
.H 203 44 215
.H 213 59 257
.end
.begin 58
.V 106 37 61
.V 136 37 38
.V 147 43 61
.V 167 38 43
.V 173 0 38
.V 203 0 22
.V 203 22 38
.V 203 20 22
.V 218 19 20
.V 224 0 19
.H 218 19 224
.H 203 20 218
.H 106 37 136
.H 136 38 203
.H 147 43 167
.end
.begin 59
.V 89 7 61
.V 103 0 7
.H 89 7 103
.end
.begin 60
.V 2 46 61
.V 2 46 60
.V 10 22 61
.V 10 22 60
.V 35 0 2
.V 39 0 15
.V 39 2 15
.V 50 60 61
.V 62 60 61
.V 62 15 16
.V 71 0 61
.V 71 16 60
.V 73 60 61
.H 35 2 39
.H 39 15 62
.H 62 16 71
.H 2 60 73
.end
.begin 61
.V 9 0 20
.V 9 20 27
.V 18 35 61
.V 18 27 35
.V 18 35 37
.V 22 37 42
.V 25 42 43
.V 26 43 44
.V 34 44 61
.H 9 27 18
.H 18 37 22
.H 22 42 25
.H 25 43 26
.H 26 44 34
.end
.begin 62
.V 97 0 13
.V 97 13 15
.V 102 15 16
.V 103 16 61
.V 104 27 61
.V 104 16 27
.H 97 15 102
.H 102 16 104
.end
.begin 63
.V 72 38 61
.V 72 38 39
.V 73 0 39
.V 78 39 61
.V 85 39 61
.V 86 0 39
.V 94 0 36
.V 94 36 39
.V 98 39 61
.V 101 39 61
.V 105 23 61
.V 105 23 39
.V 110 39 61
.V 115 0 39
.H 72 39 115
.end
.begin 64
.V 0 30 61
.V 0 13 30
.V 5 11 13
.V 29 0 11
.H 5 11 29
.H 0 13 5
.end
.begin 65
.V 131 26 61
.V 137 26 29
.V 139 0 29
.V 150 29 61
.V 158 0 29
.V 171 45 61
.V 171 29 45
.V 178 0 40
.V 195 40 45
.V 207 0 61
.V 213 0 45
.V 216 44 45
.V 217 0 44
.H 131 26 137
.H 137 29 171
.H 178 40 195
.H 216 44 217
.H 171 45 216
.end
.begin 66
.V 191 20 61
.V 196 19 20
.V 199 18 19
.V 211 0 18
.H 199 18 211
.H 196 19 199
.H 191 20 196
.end
.begin 67
.V 147 0 26
.V 167 0 26
.V 177 26 27
.V 181 41 61
.V 181 27 41
.V 181 41 42
.V 224 42 61
.V 224 42 43
.V 231 24 61
.V 231 24 43
.H 147 26 177
.H 177 27 181
.H 181 42 224
.H 224 43 231
.end
.begin 68
.V 174 53 61
.V 195 53 61
.V 229 0 35
.V 258 35 53
.H 229 35 258
.H 174 53 258
.end
.begin 69
.V 89 0 4
.V 89 4 5
.V 93 15 61
.V 93 5 15
.V 93 15 16
.V 94 43 61
.V 94 43 44
.V 98 0 16
.V 100 0 16
.V 100 16 44
.V 113 0 22
.V 114 44 61
.V 116 44 61
.V 117 22 23
.V 119 44 61
.V 124 23 44
.H 89 5 93
.H 93 16 100
.H 113 22 117
.H 117 23 124
.H 94 44 124
.end
.begin 70
.V 90 0 25
.V 91 35 61
.V 91 25 35
.V 91 35 36
.V 92 36 61
.H 90 25 91
.H 91 36 92
.end
.begin 71
.V 220 0 24
.V 224 24 25
.V 234 25 61
.H 220 24 224
.H 224 25 234
.end
.begin 72
.V 219 0 24
.V 219 24 25
.V 223 25 26
.V 230 26 61
.H 219 25 223
.H 223 26 230
.end
.begin 73
.V 107 35 61
.V 108 15 61
.V 108 15 35
.V 110 35 36
.V 120 36 61
.V 123 35 61
.V 123 35 36
.V 127 0 35
.H 107 35 110
.H 123 35 127
.H 110 36 123
.end
.begin 74
.V 146 22 61
.V 151 0 61
.V 157 21 22
.V 170 0 21
.V 177 0 21
.V 177 20 21
.V 180 0 20
.V 182 0 16
.V 182 16 20
.H 177 20 182
.H 157 21 177
.H 146 22 157
.end
.begin 75
.V 40 0 24
.V 40 24 26
.V 51 24 61
.V 51 24 26
.V 78 26 27
.V 87 27 61
.V 91 0 22
.V 91 22 23
.V 92 23 27
.V 95 27 61
.V 101 0 27
.V 102 57 61
.V 102 27 57
.V 102 57 58
.V 121 58 61
.V 128 58 61
.H 91 23 92
.H 40 26 78
.H 78 27 102
.H 102 58 128
.end
.begin 76
.V 6 42 61
.V 6 37 42
.V 7 32 37
.V 9 30 32
.V 37 0 25
.V 37 25 30
.H 9 30 37
.H 7 32 9
.H 6 37 7
.end
.begin 77
.V 42 0 24
.V 42 24 25
.V 78 0 25
.V 85 25 26
.V 87 0 26
.V 99 26 61
.V 107 26 27
.V 113 32 61
.V 113 27 32
.H 42 25 85
.H 85 26 107
.H 107 27 113
.end
.begin 78
.V 32 20 61
.V 32 20 25
.V 34 0 25
.V 35 34 61
.V 35 25 34
.V 35 34 42
.V 42 42 43
.V 43 0 24
.V 45 0 24
.V 45 24 43
.V 48 0 38
.V 48 38 39
.V 52 39 43
.V 55 0 61
.V 56 0 6
.V 60 0 6
.V 62 0 6
.V 69 6 43
.H 56 6 69
.H 43 24 45
.H 32 25 35
.H 48 39 52
.H 35 42 42
.H 42 43 69
.end
.begin 79
.V 76 0 20
.V 124 0 20
.V 154 25 61
.V 154 20 25
.V 180 25 26
.V 182 26 27
.V 190 27 61
.H 76 20 154
.H 154 25 180
.H 180 26 182
.H 182 27 190
.end
.begin 80
.V 184 0 16
.V 198 16 61
.V 223 38 61
.V 244 38 61
.V 248 16 38
.H 184 16 248
.H 223 38 248
.end
.begin 81
.V 209 0 22
.V 234 22 23
.V 242 23 25
.V 247 25 61
.H 209 22 234
.H 234 23 242
.H 242 25 247
.end
.begin 82
.V 7 46 61
.V 7 46 59
.V 21 0 17
.V 74 59 60
.V 85 0 17
.V 88 60 61
.V 99 0 17
.V 100 60 61
.V 109 0 22
.V 109 17 22
.V 109 22 24
.V 110 24 25
.V 111 0 22
.V 111 22 23
.V 113 23 25
.V 115 60 61
.V 123 24 25
.V 131 0 13
.V 131 13 24
.V 259 13 60
.H 131 13 259
.H 21 17 109
.H 111 23 113
.H 109 24 110
.H 123 24 131
.H 110 25 123
.H 7 59 74
.H 74 60 259
.end
.begin 83
.V 232 0 26
.V 235 0 61
.V 236 0 26
.V 238 44 61
.V 239 0 61
.V 239 26 44
.V 242 0 18
.V 242 18 20
.V 245 0 20
.V 246 0 61
.V 246 20 44
.V 248 44 61
.V 249 44 61
.V 250 44 61
.H 242 20 246
.H 232 26 239
.H 238 44 250
.end
.begin 84
.V 65 0 35
.V 65 35 37
.V 97 37 38
.V 118 38 39
.V 125 0 23
.V 128 23 39
.V 129 39 61
.V 158 39 61
.H 125 23 128
.H 65 37 97
.H 97 38 118
.H 118 39 158
.end
.begin 85
.V 15 49 61
.V 15 49 50
.V 27 50 61
.V 32 0 2
.V 32 1 2
.V 77 0 1
.V 80 0 1
.V 95 0 1
.V 260 1 50
.H 32 1 260
.H 15 50 260
.end
.begin 86
.V 144 36 61
.V 169 0 36
.H 144 36 169
.end
.begin 87
.V 166 0 37
.V 189 20 61
.V 189 20 37
.V 245 37 61
.H 166 37 245
.end
.begin 88
.V 140 42 61
.V 140 42 44
.V 157 44 61
.V 170 44 61
.V 172 0 22
.V 199 22 44
.H 172 22 199
.H 140 44 199
.end
.begin 89
.V 26 53 61
.V 26 51 53
.V 134 0 4
.V 261 4 51
.H 134 4 261
.H 26 51 261
.end
.begin 90
.V 67 22 61
.V 67 21 22
.V 128 0 21
.H 67 21 128
.end
.begin 91
.V 126 0 15
.V 126 15 16
.V 134 16 17
.V 135 17 18
.V 192 27 61
.V 197 18 27
.H 126 16 134
.H 134 17 135
.H 135 18 197
.H 192 27 197
.end
.begin 92
.V 242 27 61
.V 244 0 27
.H 242 27 244
.end
.begin 93
.V 156 0 15
.V 157 0 15
.V 159 0 61
.V 161 23 61
.V 162 41 61
.V 162 23 41
.V 163 41 61
.V 165 41 61
.V 165 15 41
.V 166 39 61
.V 166 39 41
.H 156 15 165
.H 161 23 162
.H 162 41 166
.end
.begin 94
.V 231 0 23
.V 233 23 24
.V 241 24 26
.V 245 26 27
.V 253 27 61
.H 231 23 233
.H 233 24 241
.H 241 26 245
.H 245 27 253
.end
.begin 95
.V 4 59 61
.V 4 30 59
.V 7 0 4
.V 7 4 30
.H 4 30 7
.end
.begin 96
.V 154 0 6
.V 155 33 61
.V 156 33 61
.V 177 33 61
.V 178 41 61
.V 178 41 42
.V 180 42 61
.V 180 33 42
.V 185 0 6
.V 186 0 6
.V 186 6 33
.V 191 0 6
.H 154 6 191
.H 155 33 186
.H 178 42 180
.end
.begin 97
.V 142 0 61
.V 185 58 61
.V 221 0 29
.V 227 58 61
.V 228 0 29
.V 262 29 58
.H 221 29 262
.H 142 58 262
.end
.begin 98
.V 201 0 39
.V 237 43 61
.V 248 39 43
.H 201 39 248
.H 237 43 248
.end
.begin 99
.V 0 0 11
.V 1 29 61
.V 1 11 29
.H 0 11 1
.end
.begin 100
.V 16 49 61
.V 241 0 22
.V 263 22 49
.H 241 22 263
.H 16 49 263
.end
