.begin 1
.H 14 66 197
.V 14 66 73
.V 197 0 66
.end
.begin 2
.H 4 3 5
.H 5 4 6
.H 6 5 7
.H 7 6 8
.H 8 7 9
.H 9 8 10
.H 10 9 11
.H 11 10 12
.H 12 11 15
.H 15 12 16
.H 16 13 17
.H 17 14 18
.H 18 15 19
.H 19 16 20
.H 20 17 21
.H 21 18 22
.H 22 19 24
.H 24 20 25
.H 25 21 26
.H 26 22 28
.H 28 23 30
.H 30 24 32
.H 32 25 35
.H 35 26 37
.H 37 27 38
.H 38 28 39
.H 39 29 40
.H 40 30 41
.H 41 31 42
.H 42 32 43
.H 43 33 47
.H 47 34 48
.H 48 35 56
.H 56 36 214
.V 4 0 2
.V 4 2 3
.V 5 3 4
.V 6 4 5
.V 7 5 6
.V 8 6 7
.V 9 7 8
.V 10 8 9
.V 11 9 10
.V 12 10 11
.V 15 11 12
.V 16 12 13
.V 17 13 14
.V 18 14 15
.V 19 15 16
.V 20 16 17
.V 21 17 18
.V 22 18 19
.V 24 19 20
.V 25 20 21
.V 26 21 22
.V 28 22 23
.V 30 23 24
.V 32 24 25
.V 35 25 26
.V 37 26 27
.V 38 27 28
.V 39 28 29
.V 40 29 30
.V 41 30 31
.V 42 31 32
.V 43 32 33
.V 47 33 34
.V 48 34 35
.V 56 35 36
.V 214 36 73
.end
.begin 3
.H 51 16 52
.H 214 32 216
.H 137 39 177
.H 184 39 216
.H 85 40 137
.H 177 40 184
.H 84 41 85
.H 82 42 84
.H 80 43 82
.H 48 44 52
.H 79 44 80
.H 47 45 48
.H 52 45 79
.H 43 46 47
.H 42 47 43
.H 41 48 42
.H 40 49 41
.H 39 50 40
.H 38 51 39
.H 37 52 38
.H 35 53 37
.H 32 54 35
.H 30 55 32
.H 29 56 30
.H 25 57 29
.V 25 57 73
.V 29 56 57
.V 30 55 56
.V 32 54 55
.V 35 53 54
.V 37 52 53
.V 38 51 52
.V 39 50 51
.V 40 49 50
.V 41 48 49
.V 42 47 48
.V 43 46 47
.V 47 45 46
.V 48 44 45
.V 51 0 16
.V 52 0 16
.V 52 16 44
.V 52 44 45
.V 68 45 73
.V 79 45 73
.V 79 44 45
.V 80 43 44
.V 82 0 43
.V 82 42 43
.V 84 41 42
.V 85 40 41
.V 137 39 40
.V 162 0 39
.V 177 39 40
.V 184 40 73
.V 184 39 40
.V 202 0 39
.V 214 0 32
.V 216 32 39
.end
.begin 4
.H 57 21 60
.H 60 22 61
.H 61 23 63
.H 63 24 65
.H 65 25 67
.H 67 26 68
.H 68 27 69
.H 69 28 72
.H 72 29 75
.H 75 30 76
.H 76 31 138
.H 138 32 212
.H 212 33 236
.H 236 34 243
.V 57 0 20
.V 57 20 21
.V 60 21 22
.V 61 22 23
.V 63 23 24
.V 65 24 25
.V 67 25 26
.V 68 26 27
.V 69 27 28
.V 72 28 29
.V 75 29 30
.V 76 30 31
.V 138 31 32
.V 212 32 33
.V 236 33 34
.V 243 34 73
.end
.begin 5
.H 249 29 264
.H 8 67 264
.V 8 67 73
.V 249 0 29
.V 264 29 67
.end
.begin 6
.H 15 10 268
.H 173 46 268
.V 15 0 10
.V 31 0 10
.V 47 0 10
.V 50 0 10
.V 152 0 10
.V 173 46 73
.V 179 0 10
.V 252 46 73
.V 268 10 46
.end
.begin 7
.H 64 8 255
.H 58 69 255
.V 58 69 73
.V 64 0 8
.V 72 0 8
.V 84 0 8
.V 105 0 8
.V 110 0 8
.V 141 0 8
.V 145 0 8
.V 146 0 8
.V 163 0 8
.V 186 69 73
.V 222 0 8
.V 226 69 73
.V 237 0 8
.V 255 8 69
.end
.begin 8
.H 24 16 25
.H 25 17 26
.H 26 18 28
.H 28 19 30
.H 30 20 32
.H 32 21 35
.H 35 22 37
.H 37 23 38
.H 38 24 39
.H 39 25 40
.H 40 26 41
.H 41 27 42
.H 42 28 43
.H 43 29 44
.H 44 30 47
.H 47 31 48
.H 48 32 56
.H 56 33 57
.H 57 34 60
.H 60 35 204
.V 24 0 15
.V 24 15 16
.V 25 16 17
.V 26 17 18
.V 28 18 19
.V 30 19 20
.V 32 20 21
.V 35 21 22
.V 37 22 23
.V 38 23 24
.V 39 24 25
.V 40 25 26
.V 41 26 27
.V 42 27 28
.V 43 28 29
.V 44 29 73
.V 44 29 30
.V 47 30 31
.V 48 31 32
.V 56 32 33
.V 57 33 34
.V 60 34 35
.V 199 35 73
.V 204 35 73
.end
.begin 9
.H 230 22 250
.H 57 38 250
.H 56 39 57
.H 48 40 56
.H 47 41 48
.H 43 42 47
.H 42 43 43
.H 41 44 42
.H 40 45 41
.H 39 46 40
.H 38 47 39
.H 37 48 38
.H 35 49 37
.H 32 50 35
.H 30 51 32
.H 29 52 30
.H 28 53 29
.H 26 54 28
.H 25 55 26
.H 24 56 25
.H 22 57 24
.H 21 58 22
.V 21 58 73
.V 22 57 58
.V 24 56 57
.V 25 55 56
.V 26 54 55
.V 28 53 54
.V 29 52 53
.V 30 51 52
.V 32 50 51
.V 35 49 50
.V 37 48 49
.V 38 47 48
.V 39 46 47
.V 40 45 46
.V 41 44 45
.V 42 43 44
.V 43 42 43
.V 47 41 42
.V 48 40 41
.V 56 39 40
.V 57 38 39
.V 230 0 22
.V 250 22 38
.end
.begin 10
.H 44 20 47
.H 47 21 48
.H 48 22 51
.H 51 23 53
.H 53 24 57
.H 57 25 60
.H 60 26 61
.H 61 27 63
.H 63 28 65
.H 65 29 67
.H 67 30 68
.H 68 31 69
.H 69 32 137
.H 137 33 211
.H 211 34 219
.H 219 35 244
.H 244 36 247
.H 247 37 254
.V 44 0 20
.V 47 20 21
.V 48 21 22
.V 51 22 23
.V 53 23 73
.V 53 23 24
.V 57 24 25
.V 60 25 26
.V 61 26 27
.V 63 27 28
.V 65 28 29
.V 67 29 30
.V 68 30 31
.V 69 31 32
.V 137 32 33
.V 211 33 34
.V 219 34 35
.V 232 35 73
.V 240 0 35
.V 244 35 36
.V 247 36 37
.V 254 37 73
.end
.begin 11
.H 117 26 120
.H 120 27 131
.H 131 28 194
.V 117 0 26
.V 120 26 27
.V 131 27 28
.V 194 28 73
.end
.begin 12
.H 82 44 83
.H 80 45 82
.H 48 46 80
.H 47 47 48
.H 43 48 47
.H 42 49 43
.H 41 50 42
.H 40 51 41
.H 39 52 40
.H 38 53 39
.H 37 54 38
.H 35 55 37
.H 32 56 35
.H 30 57 32
.V 30 57 73
.V 32 56 57
.V 35 55 56
.V 37 54 55
.V 38 53 54
.V 39 52 53
.V 40 51 52
.V 41 50 51
.V 42 49 50
.V 43 48 49
.V 47 47 48
.V 48 46 47
.V 80 45 46
.V 82 44 45
.V 83 0 44
.end
.begin 13
.H 75 15 179
.H 28 58 49
.H 54 58 58
.H 20 59 28
.H 49 59 54
.H 58 59 179
.V 20 59 73
.V 28 58 59
.V 33 0 58
.V 49 58 73
.V 49 58 59
.V 52 59 73
.V 54 0 73
.V 54 58 59
.V 58 0 58
.V 58 58 59
.V 69 59 73
.V 75 0 15
.V 179 15 59
.end
.begin 14
.H 10 7 258
.H 65 57 258
.V 10 0 7
.V 65 57 73
.V 258 7 57
.end
.begin 15
.H 208 25 210
.H 190 40 219
.V 190 0 40
.V 196 40 73
.V 208 0 25
.V 210 25 40
.V 211 40 73
.V 212 40 73
.V 218 40 73
.V 219 40 73
.end
.begin 16
.H 61 19 70
.H 108 25 206
.H 12 64 206
.H 11 65 12
.H 9 66 11
.V 9 66 73
.V 11 66 73
.V 11 65 66
.V 12 64 65
.V 14 0 64
.V 57 64 73
.V 61 0 19
.V 70 64 73
.V 70 19 64
.V 97 64 73
.V 108 0 25
.V 206 25 64
.end
.begin 17
.H 133 23 186
.H 40 56 186
.V 40 56 73
.V 133 0 23
.V 186 23 56
.end
.begin 18
.H 2 2 3
.V 2 0 2
.V 3 0 73
.end
.begin 19
.H 187 23 223
.H 223 24 251
.H 233 50 251
.V 187 0 23
.V 223 0 23
.V 223 23 24
.V 233 50 73
.V 251 50 73
.V 251 24 50
.end
.begin 20
.H 140 40 174
.H 138 41 140
.H 137 42 138
.H 136 43 137
.H 131 44 136
.H 130 45 131
.V 130 46 73
.V 130 45 46
.V 131 44 45
.V 136 43 44
.V 137 42 43
.V 138 41 42
.V 140 40 41
.V 174 0 40
.end
.begin 21
.H 114 24 115
.H 104 26 107
.H 107 27 108
.H 108 28 109
.H 112 28 129
.H 109 29 112
.H 129 33 134
.V 104 0 26
.V 107 0 26
.V 107 26 27
.V 108 27 28
.V 109 28 29
.V 111 29 73
.V 112 29 73
.V 112 28 29
.V 114 0 24
.V 115 24 28
.V 117 28 73
.V 122 0 28
.V 123 0 28
.V 129 0 33
.V 129 28 33
.V 133 33 73
.V 134 33 73
.end
.begin 22
.H 181 15 277
.H 236 49 277
.V 181 0 15
.V 236 49 73
.V 277 15 49
.end
.begin 23
.H 12 9 271
.H 19 60 271
.V 12 0 9
.V 19 60 73
.V 271 9 60
.end
.begin 24
.H 8 5 275
.H 60 58 275
.V 8 0 5
.V 60 58 73
.V 275 5 58
.end
.begin 25
.H 137 26 194
.H 194 27 195
.H 195 28 228
.V 137 0 26
.V 194 26 27
.V 195 27 28
.V 228 28 73
.end
.begin 26
.H 238 25 261
.H 182 59 261
.V 182 59 73
.V 238 0 25
.V 261 25 59
.end
.begin 27
.H 171 21 281
.H 187 56 281
.V 171 0 21
.V 176 0 73
.V 183 21 73
.V 187 56 73
.V 205 0 21
.V 210 0 21
.V 217 56 73
.V 281 21 56
.end
.begin 28
.H 93 22 141
.H 139 46 141
.V 93 0 22
.V 96 0 25
.V 96 22 25
.V 118 0 22
.V 132 0 22
.V 139 46 73
.V 141 46 73
.V 141 22 46
.end
.begin 29
.H 116 24 118
.H 102 26 103
.H 103 27 104
.H 104 28 107
.H 107 29 108
.H 113 29 118
.H 124 29 188
.H 108 30 113
.H 118 30 124
.H 160 47 188
.V 102 0 25
.V 102 25 26
.V 103 26 27
.V 104 27 28
.V 107 28 29
.V 108 29 30
.V 109 30 73
.V 113 29 30
.V 116 0 24
.V 118 24 29
.V 118 29 30
.V 124 30 73
.V 124 29 30
.V 150 0 29
.V 153 29 73
.V 160 47 73
.V 165 0 29
.V 169 47 73
.V 188 29 47
.end
.begin 30
.H 145 42 148
.V 145 42 73
.V 148 0 42
.end
.begin 31
.H 30 16 32
.H 32 17 35
.H 112 17 145
.H 35 18 37
.H 37 19 38
.H 38 20 39
.H 39 21 40
.H 40 22 41
.H 41 23 42
.H 42 24 43
.H 43 25 44
.H 44 26 47
.H 47 27 48
.H 48 28 56
.H 56 29 57
.H 57 30 60
.H 60 31 61
.H 61 32 63
.H 63 33 65
.H 65 34 145
.V 30 0 15
.V 30 15 16
.V 32 16 17
.V 35 17 18
.V 37 18 19
.V 38 19 20
.V 39 20 21
.V 40 21 22
.V 41 22 23
.V 42 23 24
.V 43 24 25
.V 44 25 26
.V 47 26 27
.V 48 27 28
.V 56 28 29
.V 57 29 30
.V 60 30 31
.V 61 31 32
.V 63 32 33
.V 65 33 34
.V 75 34 73
.V 90 34 73
.V 112 0 17
.V 118 34 73
.V 145 17 34
.end
.begin 32
.H 119 24 187
.H 41 55 187
.V 41 55 73
.V 48 55 73
.V 74 0 55
.V 84 55 73
.V 86 55 73
.V 119 0 24
.V 187 24 55
.end
.begin 33
.H 193 18 257
.H 201 66 257
.V 193 0 18
.V 194 0 18
.V 195 0 18
.V 196 0 18
.V 198 0 18
.V 199 0 18
.V 200 0 73
.V 201 66 73
.V 202 66 73
.V 206 66 73
.V 257 18 66
.end
.begin 34
.H 92 21 168
.H 77 52 168
.V 77 52 73
.V 81 0 73
.V 88 0 52
.V 92 0 21
.V 120 0 21
.V 121 0 21
.V 135 0 21
.V 138 0 21
.V 148 52 73
.V 149 0 21
.V 161 0 21
.V 168 0 73
.V 168 21 52
.end
.begin 35
.H 53 16 70
.H 37 57 62
.V 37 57 73
.V 46 0 73
.V 47 57 73
.V 49 0 57
.V 53 0 16
.V 56 57 73
.V 62 16 57
.V 63 0 16
.V 64 16 73
.V 66 16 73
.V 68 0 16
.V 70 0 16
.end
.begin 36
.H 243 27 279
.H 229 52 279
.V 229 52 73
.V 243 0 27
.V 279 27 52
.end
.begin 37
.H 135 42 136
.H 126 43 135
.H 125 44 126
.H 123 45 125
.H 122 46 123
.V 122 47 73
.V 122 46 47
.V 123 45 46
.V 125 44 45
.V 126 43 44
.V 135 42 43
.V 136 0 26
.V 136 26 42
.end
.begin 38
.H 106 20 272
.H 63 62 272
.V 63 62 73
.V 82 62 73
.V 83 62 73
.V 106 0 20
.V 132 62 73
.V 152 62 73
.V 179 62 73
.V 183 0 20
.V 272 20 62
.end
.begin 39
.H 1 1 273
.H 80 51 273
.V 1 0 1
.V 80 51 73
.V 273 1 51
.end
.begin 40
.H 210 47 233
.V 210 48 73
.V 210 47 48
.V 233 0 26
.V 233 26 47
.end
.begin 41
.H 189 29 248
.H 172 52 201
.V 172 52 73
.V 175 0 73
.V 189 0 29
.V 201 29 52
.V 218 0 29
.V 234 0 29
.V 248 0 33
.V 248 29 33
.end
.begin 42
.H 155 31 265
.H 76 72 265
.V 76 72 73
.V 155 0 31
.V 265 31 72
.end
.begin 43
.H 19 13 31
.H 24 58 27
.H 29 59 31
.V 19 0 13
.V 20 0 13
.V 22 0 13
.V 23 13 73
.V 24 58 73
.V 25 0 13
.V 26 0 13
.V 27 0 13
.V 27 13 58
.V 28 0 13
.V 29 59 73
.V 31 59 73
.V 31 13 59
.end
.begin 44
.H 144 31 149
.H 143 46 149
.V 143 46 73
.V 144 0 31
.V 149 31 46
.end
.begin 45
.H 16 11 262
.H 13 65 262
.H 12 66 13
.V 12 66 73
.V 13 0 66
.V 13 65 66
.V 16 0 11
.V 22 65 73
.V 28 65 73
.V 36 0 11
.V 38 0 11
.V 42 65 73
.V 66 0 11
.V 67 0 11
.V 79 0 11
.V 262 11 65
.end
.begin 46
.H 247 30 282
.H 188 55 282
.V 188 55 73
.V 247 0 30
.V 282 30 55
.end
.begin 47
.H 91 41 130
.H 89 42 91
.H 85 43 89
.H 84 44 85
.H 83 45 84
.H 82 46 83
.H 56 47 82
.H 52 48 56
.H 48 49 52
.H 47 50 48
.H 43 51 47
.H 42 52 43
.H 41 53 42
.H 40 54 41
.H 39 55 40
.V 39 56 73
.V 39 55 56
.V 40 54 55
.V 41 53 54
.V 42 52 53
.V 43 51 52
.V 47 50 51
.V 48 49 50
.V 52 48 49
.V 56 47 48
.V 82 46 47
.V 83 45 46
.V 84 44 45
.V 85 43 44
.V 89 42 43
.V 91 41 42
.V 130 0 41
.end
.begin 48
.H 140 30 160
.H 160 46 167
.H 125 48 154
.V 125 48 73
.V 126 48 73
.V 127 48 73
.V 135 48 73
.V 137 48 73
.V 140 0 30
.V 143 0 30
.V 149 48 73
.V 154 30 48
.V 160 0 46
.V 160 30 46
.V 164 0 73
.V 167 46 73
.end
.begin 49
.H 5 2 270
.H 43 54 270
.V 5 0 2
.V 43 54 73
.V 270 2 54
.end
.begin 50
.H 6 3 280
.H 5 70 280
.V 5 70 73
.V 6 0 3
.V 280 3 70
.end
.begin 51
.H 227 17 252
.H 224 41 252
.H 220 42 224
.H 173 43 220
.H 172 44 173
.H 138 45 172
.V 138 46 73
.V 138 45 46
.V 172 44 45
.V 173 43 44
.V 220 42 43
.V 224 41 42
.V 227 0 17
.V 252 17 41
.end
.begin 52
.H 188 24 221
.H 208 64 222
.V 188 0 24
.V 192 0 24
.V 193 24 73
.V 205 24 73
.V 206 0 24
.V 208 64 73
.V 212 0 24
.V 216 0 24
.V 221 64 73
.V 221 24 64
.V 222 64 73
.end
.begin 53
.H 41 17 110
.H 96 49 110
.V 41 0 17
.V 69 0 17
.V 96 49 73
.V 110 17 49
.end
.begin 54
.H 11 8 59
.H 17 62 61
.V 11 0 8
.V 17 62 73
.V 18 0 13
.V 18 8 13
.V 23 0 8
.V 38 62 73
.V 45 62 73
.V 59 0 73
.V 59 8 62
.V 61 62 73
.end
.begin 55
.H 17 12 259
.H 136 53 259
.V 17 0 12
.V 36 12 73
.V 136 53 73
.V 259 12 53
.end
.begin 56
.H 153 19 276
.H 241 48 276
.V 153 0 18
.V 153 18 19
.V 241 48 73
.V 276 19 48
.end
.begin 57
.H 204 26 208
.H 203 52 226
.V 203 52 73
.V 204 0 26
.V 208 26 52
.V 209 52 73
.V 213 52 73
.V 215 0 73
.V 216 52 73
.V 220 52 73
.V 225 0 73
.V 226 0 52
.end
.begin 58
.H 220 40 224
.H 173 41 220
.H 106 50 182
.V 106 50 73
.V 147 50 73
.V 173 0 41
.V 182 41 50
.V 203 0 41
.V 220 40 41
.V 224 0 17
.V 224 17 40
.end
.begin 59
.H 103 25 106
.H 100 43 106
.H 98 44 100
.H 97 45 98
.H 96 46 97
.H 92 47 96
.H 91 48 92
.H 89 49 91
.V 89 50 73
.V 89 49 50
.V 91 48 49
.V 92 47 48
.V 96 46 47
.V 97 45 46
.V 98 44 45
.V 100 43 44
.V 103 0 25
.V 106 25 43
.end
.begin 60
.H 35 15 71
.H 2 72 73
.V 2 72 73
.V 10 72 73
.V 35 0 15
.V 39 0 15
.V 50 72 73
.V 62 72 73
.V 71 0 73
.V 71 15 72
.V 73 72 73
.end
.begin 61
.H 9 6 263
.H 18 61 263
.V 9 0 6
.V 18 61 73
.V 34 61 73
.V 263 6 61
.end
.begin 62
.H 97 26 98
.H 98 27 100
.H 100 28 102
.H 102 29 103
.H 103 30 104
.V 97 0 25
.V 97 25 26
.V 98 26 27
.V 100 27 28
.V 102 28 29
.V 103 29 73
.V 103 29 30
.V 104 30 73
.end
.begin 63
.H 94 23 132
.H 72 52 73
.H 73 53 132
.V 72 53 73
.V 72 52 53
.V 73 0 52
.V 73 52 53
.V 78 53 73
.V 85 53 73
.V 86 0 53
.V 94 0 23
.V 98 53 73
.V 101 53 73
.V 105 53 73
.V 110 53 73
.V 115 0 23
.V 132 23 53
.end
.begin 64
.H 28 49 29
.H 26 50 28
.H 25 51 26
.H 24 52 25
.H 22 53 24
.H 21 54 22
.H 20 55 21
.H 19 56 20
.H 18 57 19
.H 17 58 18
.H 16 59 17
.H 15 60 16
.H 12 61 15
.H 11 62 12
.H 10 63 11
.H 9 64 10
.H 8 65 9
.H 7 66 8
.H 6 67 7
.H 5 68 6
.H 4 69 5
.H 2 70 4
.H 0 71 2
.V 0 72 73
.V 0 71 72
.V 2 70 71
.V 4 69 70
.V 5 68 69
.V 6 67 68
.V 7 66 67
.V 8 65 66
.V 9 64 65
.V 10 63 64
.V 11 62 63
.V 12 61 62
.V 15 60 61
.V 16 59 60
.V 17 58 59
.V 18 57 58
.V 19 56 57
.V 20 55 56
.V 21 54 55
.V 22 53 54
.V 24 52 53
.V 25 51 52
.V 26 50 51
.V 28 49 50
.V 29 0 15
.V 29 15 49
.end
.begin 65
.H 172 42 217
.H 138 43 139
.H 171 43 172
.H 137 44 138
.H 139 44 171
.H 135 45 137
.H 131 46 135
.V 131 46 73
.V 135 45 46
.V 137 44 45
.V 138 43 44
.V 139 0 30
.V 139 30 43
.V 139 43 44
.V 150 44 73
.V 158 0 44
.V 171 44 73
.V 171 43 44
.V 172 42 43
.V 178 0 42
.V 207 0 73
.V 213 0 42
.V 217 0 42
.end
.begin 66
.H 211 25 231
.H 191 50 231
.V 191 50 73
.V 211 0 25
.V 231 25 50
.end
.begin 67
.H 147 16 256
.H 224 64 256
.V 147 0 16
.V 167 0 16
.V 181 16 73
.V 224 64 73
.V 231 64 73
.V 256 16 64
.end
.begin 68
.H 224 43 229
.H 195 44 224
.H 174 45 195
.V 174 45 73
.V 195 45 73
.V 195 44 45
.V 224 43 44
.V 229 0 43
.end
.begin 69
.H 89 21 90
.H 90 22 92
.H 92 23 93
.H 93 24 113
.H 113 27 119
.V 89 0 20
.V 89 20 21
.V 90 21 22
.V 92 22 23
.V 93 23 73
.V 93 23 24
.V 94 24 73
.V 98 0 24
.V 100 0 24
.V 113 0 26
.V 113 24 26
.V 113 26 27
.V 114 27 73
.V 116 27 73
.V 119 27 73
.end
.begin 70
.H 90 20 105
.H 91 50 105
.V 90 0 20
.V 91 50 73
.V 92 50 73
.V 105 20 50
.end
.begin 71
.H 220 34 234
.V 220 0 34
.V 234 34 73
.end
.begin 72
.H 219 32 230
.V 219 0 32
.V 230 32 73
.end
.begin 73
.H 126 45 127
.H 125 46 126
.H 123 47 125
.H 107 48 123
.V 107 48 73
.V 108 48 73
.V 120 48 73
.V 123 48 73
.V 123 47 48
.V 125 46 47
.V 126 45 46
.V 127 0 45
.end
.begin 74
.H 146 34 182
.V 146 34 73
.V 151 0 73
.V 170 0 34
.V 177 0 34
.V 180 0 34
.V 182 0 34
.end
.begin 75
.H 40 18 41
.H 41 19 42
.H 42 20 43
.H 43 21 44
.H 44 22 47
.H 47 23 48
.H 48 24 51
.H 51 25 56
.H 56 26 57
.H 57 27 60
.H 60 28 61
.H 61 29 63
.H 63 30 65
.H 65 31 67
.H 67 32 68
.H 68 33 128
.V 40 0 17
.V 40 17 18
.V 41 18 19
.V 42 19 20
.V 43 20 21
.V 44 21 22
.V 47 22 23
.V 48 23 24
.V 51 24 73
.V 51 24 25
.V 56 25 26
.V 57 26 27
.V 60 27 28
.V 61 28 29
.V 63 29 30
.V 65 30 31
.V 67 31 32
.V 68 32 33
.V 87 33 73
.V 91 0 21
.V 91 21 33
.V 95 33 73
.V 101 0 33
.V 102 33 73
.V 121 33 73
.V 128 33 73
.end
.begin 76
.H 37 16 50
.H 6 69 50
.V 6 69 73
.V 37 0 16
.V 50 16 69
.end
.begin 77
.H 42 18 152
.H 113 49 152
.V 42 0 18
.V 78 0 18
.V 87 0 18
.V 99 18 73
.V 113 49 73
.V 152 18 49
.end
.begin 78
.H 60 8 62
.H 43 19 60
.H 32 59 45
.V 32 59 73
.V 34 0 59
.V 35 59 73
.V 43 0 19
.V 45 0 19
.V 45 19 59
.V 48 0 19
.V 55 0 73
.V 56 0 19
.V 60 0 8
.V 60 8 19
.V 62 0 8
.end
.begin 79
.H 76 16 146
.H 146 17 222
.H 154 49 222
.V 76 0 16
.V 124 0 16
.V 146 16 17
.V 154 49 73
.V 190 49 73
.V 222 17 49
.end
.begin 80
.H 184 34 209
.H 209 35 218
.H 218 36 242
.H 242 37 244
.V 184 0 34
.V 198 34 73
.V 209 34 35
.V 218 35 36
.V 223 36 73
.V 242 36 37
.V 244 37 73
.end
.begin 81
.H 209 26 232
.H 232 27 242
.H 242 28 269
.H 247 45 269
.V 209 0 26
.V 232 26 27
.V 242 27 28
.V 247 45 73
.V 269 28 45
.end
.begin 82
.H 21 14 260
.H 7 68 260
.V 7 68 73
.V 21 0 14
.V 85 0 14
.V 88 68 73
.V 99 0 14
.V 100 68 73
.V 109 0 14
.V 111 0 14
.V 115 68 73
.V 131 0 14
.V 260 14 68
.end
.begin 83
.H 232 25 236
.H 236 26 267
.H 248 44 267
.V 232 0 25
.V 235 0 73
.V 236 0 26
.V 236 25 26
.V 238 26 73
.V 239 0 73
.V 242 0 26
.V 245 0 26
.V 246 0 73
.V 248 44 73
.V 249 44 73
.V 250 44 73
.V 267 26 44
.end
.begin 84
.H 72 19 147
.H 65 20 72
.H 129 47 158
.V 65 0 20
.V 72 19 20
.V 125 0 19
.V 129 47 73
.V 147 19 47
.V 158 47 73
.end
.begin 85
.H 32 13 278
.H 15 63 278
.V 15 63 73
.V 27 63 73
.V 32 0 13
.V 77 0 13
.V 80 0 13
.V 95 0 13
.V 278 13 63
.end
.begin 86
.H 144 41 169
.V 144 42 73
.V 144 41 42
.V 169 0 41
.end
.begin 87
.H 166 30 245
.V 166 0 30
.V 189 30 73
.V 245 30 73
.end
.begin 88
.H 171 41 172
.H 170 42 171
.H 140 43 170
.V 140 43 73
.V 157 43 73
.V 170 43 73
.V 170 42 43
.V 171 41 42
.V 172 0 41
.end
.begin 89
.H 134 26 135
.H 60 39 135
.H 57 40 60
.H 56 41 57
.H 48 42 56
.H 47 43 48
.H 43 44 47
.H 42 45 43
.H 41 46 42
.H 40 47 41
.H 39 48 40
.H 38 49 39
.H 37 50 38
.H 35 51 37
.H 32 52 35
.H 30 53 32
.H 29 54 30
.H 28 55 29
.H 26 56 28
.V 26 56 73
.V 28 55 56
.V 29 54 55
.V 30 53 54
.V 32 52 53
.V 35 51 52
.V 37 50 51
.V 38 49 50
.V 39 48 49
.V 40 47 48
.V 41 46 47
.V 42 45 46
.V 43 44 45
.V 47 43 44
.V 48 42 43
.V 56 41 42
.V 57 40 41
.V 60 39 40
.V 134 0 26
.V 135 26 39
.end
.begin 90
.H 128 30 131
.H 92 42 131
.H 91 43 92
.H 89 44 91
.H 85 45 89
.H 84 46 85
.H 83 47 84
.H 77 48 83
.H 76 49 77
.H 72 50 76
.H 69 51 72
.H 67 52 69
.V 67 53 73
.V 67 52 53
.V 69 51 52
.V 72 50 51
.V 76 49 50
.V 77 48 49
.V 83 47 48
.V 84 46 47
.V 85 45 46
.V 89 44 45
.V 91 43 44
.V 92 42 43
.V 128 0 30
.V 131 30 42
.end
.begin 91
.H 126 26 133
.H 133 27 192
.V 126 0 26
.V 133 26 27
.V 192 27 73
.end
.begin 92
.H 244 32 274
.H 242 47 274
.V 242 47 73
.V 244 0 32
.V 274 32 47
.end
.begin 93
.H 156 42 166
.V 156 0 42
.V 157 0 42
.V 159 0 73
.V 161 42 73
.V 162 42 73
.V 163 42 73
.V 165 42 73
.V 166 42 73
.end
.begin 94
.H 231 23 253
.V 231 0 23
.V 253 23 73
.V 253 22 23
.end
.begin 95
.H 7 4 266
.H 4 71 266
.V 4 71 73
.V 7 0 4
.V 266 4 71
.end
.begin 96
.H 154 18 191
.H 155 48 191
.V 154 0 18
.V 155 48 73
.V 156 48 73
.V 177 48 73
.V 178 48 73
.V 180 48 73
.V 185 0 18
.V 186 0 18
.V 191 0 18
.V 191 18 48
.end
.begin 97
.H 142 22 228
.V 142 0 73
.V 185 22 73
.V 221 0 22
.V 227 22 73
.V 228 0 22
.end
.begin 98
.H 201 27 230
.H 230 28 237
.V 201 0 26
.V 201 26 27
.V 230 27 28
.V 237 28 73
.end
.begin 99
.H 0 2 1
.V 0 0 1
.V 0 1 2
.V 1 2 73
.end
.begin 100
.H 56 37 241
.H 48 38 56
.H 47 39 48
.H 43 40 47
.H 42 41 43
.H 41 42 42
.H 40 43 41
.H 39 44 40
.H 38 45 39
.H 37 46 38
.H 35 47 37
.H 32 48 35
.H 30 49 32
.H 29 50 30
.H 28 51 29
.H 26 52 28
.H 25 53 26
.H 24 54 25
.H 22 55 24
.H 21 56 22
.H 20 57 21
.H 19 58 20
.H 18 59 19
.H 17 60 18
.H 16 61 17
.V 16 62 73
.V 16 61 62
.V 17 60 61
.V 18 59 60
.V 19 58 59
.V 20 57 58
.V 21 56 57
.V 22 55 56
.V 24 54 55
.V 25 53 54
.V 26 52 53
.V 28 51 52
.V 29 50 51
.V 30 49 50
.V 32 48 49
.V 35 47 48
.V 37 46 47
.V 38 45 46
.V 39 44 45
.V 40 43 44
.V 41 42 43
.V 42 41 42
.V 43 40 41
.V 47 39 40
.V 48 38 39
.V 56 37 38
.V 241 0 28
.V 241 28 37
.end
